1 0.10050151944531249 0.6789161894027778 0.11768829822544644 0.23917158025657895
1 0.1908249199375 0.6217997656944444 0.06391353266741072 0.13065490723026313
1 0.39626606703125 0.48331175911111107 0.05771122659598214 0.10592024954605263
1 0.6723405122734375 0.46127984788888887 0.05423402785714286 0.1114808735131579
5 0.3416587352734375 0.5316345002916667 0.06075245993303572 0.11530434457894737
5 0.1471813619140625 0.8144754197916667 0.07290623869419643 0.1230541028486842
19 0.320033681390625 0.9114031473749998 0.11706055914062499 0.25180158112499995
19 0.426531577109375 0.8687315199166666 0.10591323034598214 0.27769992226973683
19 0.6900995731328126 0.9284742991111111 0.10234287806919642 0.2032835709473684
19 0.7792865753203124 0.9026953379305556 0.08643259321428572 0.26113164801315786
19 0.9639688491796875 0.9332874298055556 0.08795792715401786 0.1896041468486842
19 0.858818769453125 0.7818413628472223 0.08968039921875 0.1880312467894737
19 0.9061031341562501 0.7537543402777778 0.04635402133928572 0.1977734214473684
19 0.6273261547109376 0.7399789810138889 0.09303460802455357 0.2018628772894737
19 0.68858914375 0.7725675370972223 0.06958539145089286 0.13877792358552632
19 0.35053205489843753 0.644208569 0.06759125845982143 0.19013852571710527
19 0.19962344765625 0.784518008763889 0.09104658876116072 0.1864883422894737
19 0.0609589189296875 0.854040612111111 0.10947861841517857 0.27017043264473684
19 0.295465505125 0.6305250591666667 0.07318602289062501 0.1882592251381579
19 0.234071564671875 0.643847974138889 0.06309052876116071 0.21567276402631577
19 0.5298057079296875 0.6862752066805555 0.08180945260044643 0.13878966884210525
