1 0.10124331116406252 0.6886086145972222 0.11671664033482143 0.23765385276315787
1 0.191449493171875 0.6316743850694444 0.06400191783482143 0.130772781375
1 0.39665729999218746 0.4932756847777778 0.058002131328125 0.10645324304605262
1 0.6729396343203125 0.4710314008888889 0.05421965463169643 0.11147111591447367
5 0.34226498603906247 0.541328451375 0.06056220190848215 0.11493355600657895
5 0.147773432734375 0.8242974599166667 0.07295162337053572 0.12311060052631578
19 0.320594406125 0.9163480122777778 0.11708463940848214 0.2377477545394737
19 0.42710771560937505 0.8786843617777779 0.1058743340625 0.27767835917763156
19 0.6904809474921876 0.9331924014583333 0.10374178205357143 0.18987422741447368
19 0.7800207376484375 0.9104755825416666 0.08625514166294643 0.25443781801973686
19 0.9647506237031249 0.9383352491527778 0.08783272334821428 0.17525771291447367
19 0.85953688621875 0.7917232089583334 0.08961909157366073 0.18792475649999998
19 0.9068343639374999 0.7637460496666667 0.04627595629464286 0.19760188051973684
19 0.6279848337187499 0.7498425801527778 0.09307936260044643 0.20194268476973684
19 0.6892267465625 0.7824997795833333 0.06958137239955357 0.1387778031118421
19 0.351116311546875 0.6540465672777778 0.06763836315848214 0.19028964795394737
19 0.2002044916171875 0.7942448933888889 0.09095893587053572 0.18636016845394737
19 0.061515887078125 0.8638014899305555 0.10932685647321429 0.2700174432039474
19 0.2960987687109375 0.6402780744861111 0.07318575041294642 0.1883252997236842
19 0.23469804525 0.6536455790277778 0.06324001720982143 0.21589893542763156
19 0.5304349422421875 0.6961328294583333 0.0820146288169643 0.13914594148026316
