1 0.1050203204140625 0.6681305779305556 0.1113635471875 0.22816194232894735
1 0.1942335665234375 0.6105473412361111 0.06381843771205357 0.13057865342763159
1 0.3986761927578125 0.47072152030555553 0.058041470390625 0.10658232035526315
1 0.675279212 0.44643745422222225 0.053515093671875 0.110392962
5 0.3447439789765625 0.5191424687638889 0.060283081875 0.11449843957894736
5 0.1511552810703125 0.80343962775 0.07260908399553571 0.12248852378289474
19 0.3241274952890625 0.9004554324722222 0.11640974453125 0.255178311
19 0.4304607510546875 0.8555673811111111 0.10505005291294643 0.276389152125
19 0.6941287517578125 0.9211633046527778 0.10165323530133928 0.2240621867960526
19 0.7832108736015625 0.8869380950972222 0.08595677784598214 0.2605143898421053
19 0.9679314136484376 0.9249759250277778 0.08709839411830357 0.2132263183618421
19 0.8625753879531249 0.7656116909444445 0.08943898337053571 0.18777273076973683
19 0.9098534584062501 0.7371931288055555 0.04589298793526786 0.1974826210460526
19 0.6309428930312501 0.7254159503472222 0.092772415703125 0.20148714969078949
19 0.6922608852421874 0.7575114356111112 0.06921468462053572 0.13819391350657895
19 0.353982603546875 0.6316338221250001 0.06705614498883929 0.18952313473026314
19 0.20349701046875 0.7729862213194445 0.09042431627232142 0.18551246242105263
19 0.065080204609375 0.8435121324305556 0.10862609318080356 0.2689983167171052
19 0.298898172375 0.6183825386944444 0.07268258503348214 0.18765051992763157
19 0.23757466078124997 0.6322026358611111 0.06254553794642857 0.21510164360526315
19 0.5333264350859375 0.6724491543333333 0.08153915405133928 0.13828534578947366
