1 0.094118809703125 0.6904232025138889 0.116623469765625 0.2378223218486842
1 0.18438987732031248 0.6351951175277778 0.06465680258928572 0.13189123053947366
1 0.39037989378125004 0.49894176059722223 0.05819542066964285 0.10676855790789473
1 0.6665923118593751 0.47915903727777776 0.05611528669642857 0.11445284392105262
5 0.335741996765625 0.5461862140138889 0.06103631428571428 0.11574994136842105
5 0.140120947359375 0.8274415334027777 0.07340608324776786 0.12395577680921052
19 0.3128672599765625 0.9185177273333333 0.11800302777901786 0.2315811960394737
19 0.4196341514609375 0.8845400068611111 0.10678059714285715 0.2787683185855263
19 0.6828126430546875 0.9370888604166667 0.10453551156249999 0.1788000809605263
19 0.7724602460859374 0.9148846096527778 0.08692257744419643 0.24190689890131578
19 0.9569458961484376 0.9436119927361111 0.08818081447544643 0.16026065224342104
19 0.8522670268984376 0.8016498141805556 0.08997821808035714 0.1883651733355263
19 0.8995980262734374 0.7741171942916667 0.046680450435267855 0.1975659822236842
19 0.620954108234375 0.7574937608611112 0.0936458451450893 0.20267679315789472
19 0.6820899248125001 0.7906866709444443 0.06957183565848214 0.13865408646710525
19 0.3443584442109375 0.6590358310277777 0.06827054705357143 0.191069352
19 0.1927102506171875 0.7979317559166665 0.09154628004464285 0.18722678737499998
19 0.05368141681250001 0.8661355336527778 0.11050581080357143 0.2715799833552632
19 0.289268648625 0.6446882035972222 0.07372335025669642 0.18899748953289472
19 0.2277571201328125 0.6575374815277778 0.06394992555803572 0.21668008503947367
19 0.5236031532265625 0.7028758154999999 0.08229827880580357 0.13967754967105264
