1 0.0887553870703125 0.6816910425833334 0.109746132578125 0.22433774848026317
1 0.1805377721796875 0.6299865086944445 0.06487798690848215 0.13212944834210527
1 0.38786412477343746 0.49423976475000003 0.0581920828125 0.10662845812499999
1 0.6618539333359374 0.4778786977222222 0.06274087088169643 0.12722360711842104
5 0.3321051478359375 0.5425515280833333 0.06162170001116072 0.11680255689473684
5 0.135710680484375 0.8220776451944445 0.07365448133928572 0.12440486707894736
19 0.30824766159375 0.9163073645694444 0.11869498661830358 0.23786327964473683
19 0.41514033078906254 0.8812277052083333 0.10760951042410714 0.27981744063157893
19 0.6780545949921876 0.9363357543888889 0.10496500560267856 0.18094048750657896
19 0.7677780389765625 0.9145289950833333 0.08746153967633928 0.2429175929013158
19 0.952034091953125 0.9439542558472223 0.08856146676339285 0.1592879044342105
19 0.8478932380703125 0.8017510308194444 0.09037726265625 0.18887955515131577
19 0.8952364444765625 0.7746523115416668 0.047061238973214285 0.19743455585526315
19 0.6167745113359375 0.7558684455000001 0.09401062556919644 0.2031482897368421
19 0.6778220415078124 0.7895173390694444 0.07007864543526786 0.13954672563157894
19 0.340413153171875 0.6552986780694444 0.06857160159598215 0.19128335650657893
19 0.1884499490234375 0.7929177602222222 0.09217141356026785 0.18818821154605264
19 0.049031890187499996 0.8603831397222222 0.11092185974330357 0.271684064368421
19 0.2853520512578125 0.6405474132916666 0.07422484670758929 0.18953722902631578
19 0.223801910875 0.6528808805694445 0.06435261454241072 0.2170177459736842
19 0.5195858716953125 0.7005799187638888 0.08251401356026786 0.14009134393421052
