1 0.0875782698359375 0.6819264729861112 0.10787201779017856 0.22115044845394735
1 0.17922540903125 0.6297625435694444 0.06613653046875 0.13423395659210527
1 0.389515185359375 0.48804592556944437 0.050448077064732144 0.09240935476973684
1 0.6609097957578125 0.47819220225 0.06461797441964286 0.12967402809868422
5 0.331059420109375 0.5432154125555556 0.06184417860491071 0.11719707688815789
5 0.13447245359374999 0.8225416819305555 0.07377134050223214 0.12460869236842105
19 0.307008802890625 0.9166538238472222 0.11874447550223213 0.23687860588815787
19 0.41393294334375 0.8820512983472223 0.10769762311383928 0.27999922099342106
19 0.6768284320859375 0.9368801116944445 0.10497760772321428 0.1793933667631579
19 0.7665398359296874 0.9150885264027776 0.08764028549107142 0.24132734599342104
19 0.9507344245937499 0.9446804046666666 0.08848272051339286 0.15722411307236842
19 0.846697616578125 0.803070619375 0.09042658125 0.18900881315131576
19 0.8940219879140624 0.7760051091527778 0.04725919450892857 0.19780432048026314
19 0.615608811375 0.7569197972638889 0.09394420896205358 0.20299885399342105
19 0.6766440153125 0.7906372070416667 0.07010371344866072 0.13956636128289474
19 0.33926390409375 0.6559728622361111 0.06870273181919642 0.19139803835526314
19 0.18723497390625 0.7934755537361111 0.09223638262276786 0.18828699213157893
19 0.047763666507812504 0.8607546064583333 0.11116361618303572 0.2721080980855263
19 0.2842045783984375 0.6411731084166666 0.07422338213169644 0.18953927692105263
19 0.22262731790624998 0.6534624523611111 0.06446828160714287 0.21710917823684212
19 0.51840894221875 0.7014919492916667 0.08263322285714285 0.14030872144736842
