1 0.084747654203125 0.6890414132083333 0.11778921739955357 0.23805463691447368
1 0.17690316439062498 0.6399872461944445 0.06611439159598213 0.13443212007236843
1 0.3858302831640625 0.49715576170833337 0.05895430700892857 0.10790887128947368
1 0.6576495408984375 0.48705094655555553 0.06821203232142857 0.13720159028289472
5 0.3291242837890625 0.5530191209583333 0.06179830006696429 0.11711726940789473
5 0.1323558866953125 0.8323533376111111 0.07377350330357144 0.12461230630263158
19 0.30492668151562496 0.9215371025972222 0.11902884074776786 0.22299981369078944
19 0.4119464397421875 0.8919321272083333 0.10786546979910715 0.2803386888947368
19 0.6749551773046875 0.9418917761944444 0.10497065953125 0.16514968873026317
19 0.7646766662578125 0.9201352437222222 0.08734539577008928 0.22698404411842102
19 0.948820495609375 0.9497587839722222 0.08810806274553572 0.14279082448026315
19 0.844773578640625 0.8129673427916667 0.09024156842633928 0.1886523598026316
19 0.8920854568515624 0.7859614478194444 0.0471270425 0.1975328545855263
19 0.6136913061171876 0.7667961968333333 0.09388521739955358 0.20287579987499998
19 0.6747162342109375 0.8005177391805556 0.06999070303571428 0.13940457795394734
19 0.33715872764843746 0.6666524675138888 0.06840787614955357 0.18913722791447368
19 0.18517799973437502 0.8032796647777778 0.09221211501116071 0.18825808073684208
19 0.045653818546875 0.8705293867361111 0.11129025901785715 0.2723256562894737
19 0.28220965862499997 0.6509332656805557 0.07439511162946429 0.1897877944144737
19 0.22065745592187497 0.6632416831111111 0.06455745015625 0.21735119066447367
19 0.5164902687109375 0.7113246069999999 0.08279841286830357 0.14060271414473685
