1 0.086598670484375 0.6916819466527778 0.12154364585937501 0.24470811142105262
1 0.178852105140625 0.6440625508611111 0.06603724616071428 0.13432581047368422
1 0.387131619453125 0.5019191953888889 0.0599601609375 0.10965578178947367
1 0.659424018859375 0.4904296875 0.06903852735491071 0.13897560521052632
5 0.330918216703125 0.5565166473333333 0.06085763658482143 0.11538162230921052
5 0.13438007235156252 0.8363591088194444 0.07367517266741072 0.12444943878947369
19 0.306899929046875 0.9235151079027778 0.11886916841517857 0.2173781144013158
19 0.41389240026562496 0.8956807878333333 0.10762286186383929 0.2799095956973684
19 0.6769583702109375 0.9436873965833333 0.10486970629464286 0.1600463465723684
19 0.7667174577734375 0.9219218359999999 0.08703660965401785 0.2219063608223684
19 0.950931882859375 0.9512993282777777 0.08833762578125 0.1384124354407895
19 0.846757650375 0.8161443074444444 0.09031990595982142 0.1887740285723684
19 0.8941044807421875 0.7891208648611111 0.0471270425 0.1975533334736842
19 0.61559700965625 0.7702310985972222 0.093916348046875 0.2029881326842105
19 0.6767774105078125 0.8040086110416667 0.06979479108258928 0.13912100540131578
19 0.339346575734375 0.6704507191944444 0.06908995764508928 0.19032476325
19 0.1871260166171875 0.8072433471666667 0.09214973449776785 0.18811051217763158
19 0.047649849953125004 0.87465816075 0.11106009994419642 0.27197631033552633
19 0.284167909625 0.654711151125 0.07425083433035715 0.18957077830263158
19 0.22256755232812503 0.6671313603611111 0.06456424508928572 0.21734890184210526
19 0.5183940887421875 0.7148359934444445 0.08253860473214285 0.14015000996052632
