1 0.08731717765625 0.6882761213472223 0.12905410358258929 0.25820244236842105
1 0.1798959016796875 0.6427967707361111 0.06627389362723214 0.13477206982894738
1 0.3879765510546875 0.5010965771111111 0.05958434513392857 0.10908152930921053
1 0.6606076240546874 0.489564344625 0.06832381657366071 0.13716683638815788
5 0.331912958625 0.5552779303750001 0.05990120342633929 0.11358742965789474
5 0.13543893099218748 0.8352086809027779 0.07362525803571429 0.12435041729605262
19 0.30794191360156253 0.9229451497499999 0.11887952260044643 0.2189979954868421
19 0.4149084925625 0.8946614583333333 0.10762817518973214 0.2797492579342105
19 0.67791194915625 0.9432556999999999 0.10504177638392857 0.16127327366447367
19 0.7676645994218749 0.9215431213333332 0.08720241274553572 0.22298270776973683
19 0.95189447403125 0.9510021633611111 0.08846391950892858 0.13925700941447366
19 0.8477483749375001 0.8156132168333333 0.09040233066964286 0.1889381007236842
19 0.895098924640625 0.7885634104444444 0.04710919516741071 0.19749671534210525
19 0.616619920734375 0.7694501665 0.09382847377232142 0.20278147648026315
19 0.6777520418203125 0.8032680087638888 0.06985562188616071 0.1392078600394737
19 0.3403756022421875 0.6694643020555555 0.06961280958705357 0.19090136476973682
19 0.18822648525000002 0.8061151292638888 0.092238903046875 0.1883015682828947
19 0.048758921773437505 0.8732888115833333 0.11114601578125001 0.2721759193815789
19 0.28525789975781246 0.653566678361111 0.07426823888392857 0.18957095899342102
19 0.2236598372421875 0.6659976535277777 0.06452413967633928 0.21727776777631577
19 0.5193917512890625 0.714022000625 0.08259998049107142 0.14025511490131576
