1 0.0866806060078125 0.6824838638333334 0.13686261858258927 0.27215803046052633
1 0.17975388765625 0.6405865775138889 0.06605437823660713 0.1343711652236842
1 0.38792724609375 0.4993859609027778 0.06007398878348214 0.10993592111842104
1 0.6607957363125 0.48771372901388893 0.06771046774553571 0.1354714845394737
5 0.33177373409375 0.5529515584305555 0.05939892360491072 0.11263239007894736
5 0.135272556546875 0.8325938754583333 0.07381481783482144 0.12470735248026314
19 0.30775834321875 0.9217858208611112 0.11895053727678571 0.22229293020394736
19 0.4147656083125 0.8924941168888889 0.10788273811383929 0.2801407663421053
19 0.6777486085859376 0.942313893625 0.10502317973214285 0.1639499865
19 0.767514514921875 0.9206865946388889 0.08724212646205357 0.22541704679605262
19 0.9518073558828124 0.9502978430833333 0.08850165775669643 0.14125876176315788
19 0.8476677417734375 0.8140285068055555 0.09047630854910714 0.18900291041447367
19 0.895026397703125 0.7870590209861111 0.04729461669642857 0.19755514044078945
19 0.616553759578125 0.7675811131805556 0.093434946875 0.20198912370394737
19 0.67764420509375 0.8014379289444444 0.06990310123883929 0.1392650805
19 0.34003330468750004 0.6675615310694444 0.069520984375 0.19049708717763159
19 0.18807846307812498 0.8036140865833333 0.09215174402901785 0.18811713771710525
19 0.0485618442265625 0.8706081390416668 0.111122403828125 0.2721273723355263
19 0.285071015359375 0.6514107598194444 0.07435212816964286 0.1896276373618421
19 0.22347356081249997 0.6635751936111111 0.06458789962053571 0.21726560090131578
19 0.519280958171875 0.7120362175833334 0.08241353716517856 0.1399357042894737
