1 0.086089673640625 0.6771518919166667 0.1456897258705357 0.287327234368421
1 0.18005582690625 0.6394297705694445 0.06565661089285714 0.13377348246710527
1 0.3900683760625 0.4969593683888888 0.05701558930803572 0.10429163480921053
1 0.6615999221796874 0.48634281158333337 0.06566320147321429 0.13137618617763155
5 0.33231335878125 0.5520329369444444 0.061586618426339286 0.11671118484868422
5 0.1355708897109375 0.8313586341111111 0.07379989964285714 0.12465976916447367
19 0.308133471015625 0.9210914187916667 0.11914222581473213 0.22426649394078946
19 0.4151970267265625 0.8912055545416666 0.10790651185267856 0.2801753395460526
19 0.6782715797421874 0.9416748894583334 0.10511616297991071 0.16576610364473682
19 0.7680680275 0.9200127495555557 0.08739485059151786 0.22733218543421052
19 0.9524187088046874 0.9495524088472223 0.08895819527901785 0.14337736430921053
19 0.8482268333437499 0.8126477983194443 0.09041213988839285 0.18888449417763156
19 0.8956274509453126 0.7857809278611111 0.04713698795758929 0.19728722822368422
19 0.61704018115625 0.7662397384722222 0.09361042294642856 0.2023190749342105
19 0.67812893390625 0.8001199934305556 0.06975780214285714 0.13903884888157894
19 0.33993687629687497 0.6662335713611112 0.06855937412946429 0.18848901045394736
19 0.1883762836484375 0.8023226844027778 0.09225205012276785 0.18827109086842106
19 0.048889006671875 0.8692231496111111 0.11119028500000001 0.2723651685197368
19 0.2854290485390625 0.6499966727361111 0.07433373587053571 0.18964745370394734
19 0.223813748359375 0.6622276094305556 0.0645752634375 0.21728915165131577
19 0.519748044015625 0.7106658935555556 0.08259521212053571 0.1402573434868421
