1 0.0908687174296875 0.6809601041944444 0.15022941997767858 0.2942258533618421
1 0.18307019471875 0.6409664154166667 0.065534966328125 0.13359856857236843
1 0.3931170701953125 0.4967136383055556 0.05564369474330357 0.10193108007236841
1 0.6640596628203125 0.48706862131944445 0.06585155214285714 0.1317238456381579
5 0.3351453304296875 0.5533242331666667 0.061641556875 0.11681472376973684
5 0.138629984859375 0.8326719072083333 0.07372345243303571 0.12453400460526315
19 0.3110691070546875 0.921666590375 0.11889491762276785 0.22263179577631578
19 0.4179762601875 0.8920716603611112 0.10774564743303572 0.2798939353618421
19 0.680924510953125 0.9419487423472223 0.10509014129464286 0.16498778494736843
19 0.770648217203125 0.9202393849583334 0.08728565488839286 0.2266880637631579
19 0.9549665451015625 0.9496567620277777 0.08867727006696428 0.1430807816447368
19 0.850755834578125 0.8129954444027777 0.090277944296875 0.18865127563815787
19 0.8981169700624999 0.78587557475 0.046974999564732146 0.19667298165789474
19 0.6196115255390625 0.7668957180416666 0.09366532734375 0.20244092439473682
19 0.6807152748124999 0.8006587134444445 0.06954451969866071 0.13862613878289473
19 0.342624604703125 0.6676227357638889 0.06803332055803571 0.18757992795394735
19 0.191422897578125 0.803602218625 0.09214215619419643 0.18808533517105264
19 0.05201923846874999 0.8707414838888888 0.11095258167410714 0.2719047546315789
19 0.2883506298046875 0.6511883629722222 0.07428584780133929 0.18959788273026315
19 0.2268034338984375 0.6635798772083332 0.06447141511160714 0.21711038287499998
19 0.52240777015625 0.7114631440833333 0.08243274688616072 0.13996756703289473
