1 0.09482353925781249 0.6896452585833334 0.13789861542410714 0.2701515197763158
1 0.1847847938515625 0.6455575519166667 0.0652772358482143 0.13309014973026315
1 0.3947171807265625 0.5031612184305556 0.06064207213169643 0.11102738630921051
1 0.66569747925 0.4913241492361111 0.06499508448660714 0.1299717551842105
5 0.3366984248125 0.5578065872222222 0.0615785121875 0.11670196934210526
5 0.1402624607109375 0.8372553083611111 0.07356463159598214 0.12425115485526314
19 0.3126711249375 0.9240127139583333 0.11881225449776786 0.21596386557236844
19 0.41959807872656246 0.896677652986111 0.107739789140625 0.2799660933552631
19 0.6826178789140626 0.9442477755972223 0.10484865733258929 0.15845369036842105
19 0.77239358425 0.9225267198333333 0.08705282210937501 0.22018721731578947
19 0.956725120546875 0.9518929799444444 0.08856582641741072 0.13672521491447368
19 0.852482318875 0.8173103332499999 0.09022276742187499 0.18859791001973683
19 0.899870681765625 0.7903539021944445 0.047134399419642856 0.19737998561842104
19 0.6212204217890626 0.7713754442083333 0.09374162129464285 0.2026327032828947
19 0.682329487796875 0.8051687028611111 0.06962796619419644 0.13876322696052631
19 0.34367160796874996 0.6707756254444445 0.06682797840401786 0.1849167070855263
19 0.193014305828125 0.8081737942222222 0.09205295358258928 0.18789969996710526
19 0.053711035851562505 0.8753985087083334 0.11119906391741072 0.2722279598881579
19 0.289880383015625 0.6558066050277778 0.07417907033482142 0.18938369751315787
19 0.2283720254921875 0.6681400510972223 0.06438255310267857 0.21690511201973683
19 0.5239886760703125 0.7159221861111111 0.08246898650669643 0.14002659446052632
