1 0.10535938441406249 0.6828614764861111 0.11758716617187501 0.2385450463618421
1 0.1952963411796875 0.6254058625833333 0.06369125842633928 0.13027273478289475
1 0.4001311540625 0.4860486560416667 0.057775156841517857 0.10606848065131579
1 0.6764647245390625 0.46255217658333336 0.05372871671875 0.11065171894736842
5 0.34582227468750004 0.5343794504722222 0.060565778191964285 0.11497975399342104
5 0.1518920958046875 0.8181331634583333 0.07265790871651787 0.12259260479605262
19 0.3247919678671875 0.912951490625 0.11670395305803571 0.24740102668421052
19 0.43120412826562504 0.8712345547083333 0.10546302795758929 0.27719011807894733
19 0.69489550590625 0.9292271084305556 0.10219573974330357 0.20114400763815787
19 0.784143662453125 0.9037086486805556 0.08600500651785714 0.260698097625
19 0.9689645290390626 0.9334959242083332 0.0875008446875 0.18901158382894737
19 0.8635329246484374 0.782487233486111 0.08958271571428571 0.1879751105131579
19 0.9108412742578125 0.7542592578472223 0.046034131729910714 0.19756423549342103
19 0.6318801641484375 0.7416244082916668 0.09296710150669643 0.2018859461644737
19 0.693158316609375 0.7739336225833333 0.06944022859375 0.13855169196710526
19 0.3549285650234375 0.6469793107777778 0.06719527925223215 0.18963305824342105
19 0.204249316453125 0.7878360748333333 0.09065224443080357 0.18584518432894737
19 0.065796235203125 0.8580485873750001 0.10904230390625 0.26956232974342104
19 0.29987806082031254 0.633555475875 0.07291940280133928 0.18794752423026315
19 0.23851618766406252 0.647127617736111 0.06292172840401786 0.21556958650657893
19 0.534247207640625 0.6882948345694444 0.08182825360491072 0.13879340323026315
