7 0.347746002671875 0.47993916405555553 0.12235508646205358 0.206466172875
7 0.3507376790078125 0.6419205347777778 0.09549035344866072 0.19463852330921053
7 0.3533839702578125 0.7633698569444445 0.09859146390625 0.178309249875
7 0.38504143953125 1.0864070044722223 0.062257187712053574 0.18548186453289472
7 0.3585621356953125 1.4051289876388888 0.06741169521205358 0.22222257915789473
7 0.347746002671875 0.47993916405555553 0.12235508646205358 0.206466172875
7 0.3507376790078125 0.6419205347777778 0.09549035344866072 0.19463852330921053
7 0.3533839702578125 0.7633698569444445 0.09859146390625 0.178309249875
7 0.38504143953125 1.0864070044722223 0.062257187712053574 0.18548186453289472
7 0.3585621356953125 1.4051289876388888 0.06741169521205358 0.22222257915789473
18 0.28374246358593747 0.3154012891944445 0.17745035035714288 0.2007663525986842
18 0.28374246358593747 0.3154012891944445 0.17745035035714288 0.2007663525986842
