7 0.3475435614609375 0.47747506036111115 0.12258287838169643 0.2068494294868421
7 0.35055229664062504 0.6397757000277778 0.09568119049107142 0.19504195764473684
7 0.353159451484375 0.7614837646388889 0.09891741616071428 0.17889187460526315
7 0.38463944196875 1.0853174845416664 0.06215562139508929 0.18528129175657893
7 0.357952272890625 1.4042774624305556 0.06780593735491071 0.22295186895394734
7 0.3475435614609375 0.47747506036111115 0.12258287838169643 0.2068494294868421
7 0.35055229664062504 0.6397757000277778 0.09568119049107142 0.19504195764473684
7 0.353159451484375 0.7614837646388889 0.09891741616071428 0.17889187460526315
7 0.38463944196875 1.0853174845416664 0.06215562139508929 0.18528129175657893
7 0.357952272890625 1.4042774624305556 0.06780593735491071 0.22295186895394734
18 0.2835406541796875 0.31236228943055555 0.17791863850446427 0.20128940782894736
18 0.2835406541796875 0.31236228943055555 0.17791863850446427 0.20128940782894736
