7 0.3404929041875 0.46953194936111114 0.12287967545758928 0.20734784980263157
7 0.3433651924140625 0.6322936799861111 0.09590850558035714 0.19545394496052632
7 0.345899569984375 0.7542864693472222 0.09892848560267857 0.17890554728289473
7 0.377199053765625 1.0785072326666667 0.06211716787946429 0.18517142848026313
7 0.350336527828125 1.3971980200833334 0.06749166761160715 0.2221776460263158
7 0.3404929041875 0.46953194936111114 0.12287967545758928 0.20734784980263157
7 0.3433651924140625 0.6322936799861111 0.09590850558035714 0.19545394496052632
7 0.345899569984375 0.7542864693472222 0.09892848560267857 0.17890554728289473
7 0.377199053765625 1.0785072326666667 0.06211716787946429 0.18517142848026313
7 0.350336527828125 1.3971980200833334 0.06749166761160715 0.2221776460263158
18 0.2762245893515625 0.3028584162361111 0.17848648343749998 0.2020163485855263
18 0.2762245893515625 0.3028584162361111 0.17848648343749998 0.2020163485855263
