7 0.3234015822421875 0.4449431737222222 0.12195011547991072 0.20582939950657894
7 0.3259064197578125 0.6064859390277778 0.09493371418526786 0.19324451246052632
7 0.3282544732109375 0.7272128423055555 0.09703101430803572 0.17546063473026313
7 0.3591349363359375 1.047149912513889 0.061308315825892856 0.18184999164473684
7 0.3320754170390625 1.3585662417916666 0.06554123333705357 0.21513651797368422
7 0.3234015822421875 0.4449431737222222 0.12195011547991072 0.20582939950657894
7 0.3259064197578125 0.6064859390277778 0.09493371418526786 0.19324451246052632
7 0.3282544732109375 0.7272128423055555 0.09703101430803572 0.17546063473026313
7 0.3591349363359375 1.047149912513889 0.061308315825892856 0.18184999164473684
7 0.3320754170390625 1.3585662417916666 0.06554123333705357 0.21513651797368422
18 0.259789580109375 0.2786963144861111 0.17724856308035714 0.20170265999999998
18 0.259789580109375 0.2786963144861111 0.17724856308035714 0.20170265999999998
