7 0.2977642059296875 0.44678113724999996 0.1220221519419643 0.20610767163157892
7 0.29977984428125 0.6076087315833334 0.09502301897321429 0.19311067681578947
7 0.30170341730468747 0.7279260635416667 0.09683878081473214 0.17506177801973682
7 0.33191565275 1.0463528527083334 0.06139063834821429 0.18129766363815789
7 0.303803253171875 1.356182564625 0.065477916171875 0.2138203269473684
7 0.2977642059296875 0.44678113724999996 0.1220221519419643 0.20610767163157892
7 0.29977984428125 0.6076087315833334 0.09502301897321429 0.19311067681578947
7 0.30170341730468747 0.7279260635416667 0.09683878081473214 0.17506177801973682
7 0.33191565275 1.0463528527083334 0.06139063834821429 0.18129766363815789
7 0.303803253171875 1.356182564625 0.065477916171875 0.2138203269473684
18 0.234499126671875 0.2793882899861111 0.17820295265625 0.20570517088815787
18 0.234499126671875 0.2793882899861111 0.17820295265625 0.20570517088815787
