7 0.2824797034296875 0.4347324795138888 0.12248451369419643 0.20689954255263157
7 0.284616541859375 0.5960485034583333 0.09497615268973214 0.193133565
7 0.2866375565546875 0.7167494244027778 0.09693871225446428 0.17525548432894736
7 0.317650771140625 1.0357815212638888 0.06143106733258929 0.18131272164473686
7 0.289284241203125 1.3452715131944444 0.06532788276785714 0.21355602866447368
7 0.2824797034296875 0.4347324795138888 0.12248451369419643 0.20689954255263157
7 0.284616541859375 0.5960485034583333 0.09497615268973214 0.193133565
7 0.2866375565546875 0.7167494244027778 0.09693871225446428 0.17525548432894736
7 0.317650771140625 1.0357815212638888 0.06143106733258929 0.18131272164473686
7 0.289284241203125 1.3452715131944444 0.06532788276785714 0.21355602866447368
18 0.21814650296875 0.2655795203333333 0.17925293104910714 0.20723569770394734
18 0.21814650296875 0.2655795203333333 0.17925293104910714 0.20723569770394734
