7 0.2741609573359375 0.4303327772361111 0.12251179559151786 0.206931224625
7 0.27631359099999997 0.5921359591944444 0.09507158824776786 0.19334793090789473
7 0.2784695029296875 0.7129456625972223 0.09683666910714285 0.17508129319736843
7 0.31015977859375 1.032299084125 0.06148202078125 0.1815537703618421
7 0.2818458557109375 1.3419263627777778 0.06515598296875 0.21330835442763157
7 0.2741609573359375 0.4303327772361111 0.12251179559151786 0.206931224625
7 0.27631359099999997 0.5921359591944444 0.09507158824776786 0.19334793090789473
7 0.2784695029296875 0.7129456625972223 0.09683666910714285 0.17508129319736843
7 0.31015977859375 1.032299084125 0.06148202078125 0.1815537703618421
7 0.2818458557109375 1.3419263627777778 0.06515598296875 0.21330835442763157
18 0.20918172001562502 0.2600859430138889 0.17999810831473215 0.20827093626315787
18 0.20918172001562502 0.2600859430138889 0.17999810831473215 0.20827093626315787
