7 0.281292760375 0.4079532305416666 0.12381666046874999 0.20903040232894737
7 0.28404208421875 0.5720911449861111 0.09603469712053571 0.19552622342763157
7 0.2867159247421875 0.694657092625 0.09723932402901785 0.17584762573026314
7 0.3196101069453125 1.0173101213333333 0.06170398848214286 0.18289044029605261
7 0.292228877546875 1.3290786319305554 0.06488251686383929 0.21390151977631577
7 0.281292760375 0.4079532305416666 0.12381666046874999 0.20903040232894737
7 0.28404208421875 0.5720911449861111 0.09603469712053571 0.19552622342763157
7 0.2867159247421875 0.694657092625 0.09723932402901785 0.17584762573026314
7 0.3196101069453125 1.0173101213333333 0.06170398848214286 0.18289044029605261
7 0.292228877546875 1.3290786319305554 0.06488251686383929 0.21390151977631577
18 0.21486964225781252 0.23416993352777776 0.18153551646205357 0.20824309399342106
18 0.21486964225781252 0.23416993352777776 0.18153551646205357 0.20824309399342106
