7 0.2854727864296875 0.4071973376805556 0.123872791015625 0.20913011650657892
7 0.2881666421875 0.5713102340694445 0.09604590280133929 0.19553622195394738
7 0.290778219703125 0.6938332875555555 0.09720553670758927 0.17577968396052632
7 0.32303667068749997 1.0166046566527778 0.061751706261160715 0.18269745676973684
7 0.2957697510703125 1.3282811482777777 0.06485601833705358 0.21363372803289474
7 0.2854727864296875 0.4071973376805556 0.123872791015625 0.20913011650657892
7 0.2881666421875 0.5713102340694445 0.09604590280133929 0.19553622195394738
7 0.290778219703125 0.6938332875555555 0.09720553670758927 0.17577968396052632
7 0.32303667068749997 1.0166046566527778 0.061751706261160715 0.18269745676973684
7 0.2957697510703125 1.3282811482777777 0.06485601833705358 0.21363372803289474
18 0.21945173144531252 0.23338790469444445 0.18158015183035717 0.20813170985526316
18 0.21945173144531252 0.23338790469444445 0.18158015183035717 0.20813170985526316
