7 0.29590771198437504 0.4059203889722222 0.12406219754464286 0.20946307936184208
7 0.2984159827265625 0.5700668758749999 0.09627209390625001 0.19593405471710526
7 0.30097539425000003 0.6926633199027777 0.09774174008928571 0.1767297845131579
7 0.331933176515625 1.01558269925 0.06174663135044643 0.18244893927631578
7 0.3048065185546875 1.3269927130833334 0.06475625719866071 0.21313645211842103
7 0.29590771198437504 0.4059203889722222 0.12406219754464286 0.20946307936184208
7 0.2984159827265625 0.5700668758749999 0.09627209390625001 0.19593405471710526
7 0.30097539425000003 0.6926633199027777 0.09774174008928571 0.1767297845131579
7 0.331933176515625 1.01558269925 0.06174663135044643 0.18244893927631578
7 0.3048065185546875 1.3269927130833334 0.06475625719866071 0.21313645211842103
18 0.230957067015625 0.2323806073888889 0.18229208674107142 0.20931088798026315
18 0.230957067015625 0.2323806073888889 0.18229208674107142 0.20931088798026315
