7 0.3050001025234375 0.39816805520833337 0.12515630041294643 0.21132816515131578
7 0.3072869300859375 0.5632141325138889 0.09679617200892857 0.1969674562105263
7 0.309782719609375 0.6862838109305555 0.09825195584821429 0.1776515157631579
7 0.3397810101484375 1.0107333289305556 0.06197115352678571 0.18279021414473684
7 0.312599468234375 1.3225207010972222 0.06494344983258929 0.21344700864473684
7 0.3050001025234375 0.39816805520833337 0.12515630041294643 0.21132816515131578
7 0.3072869300859375 0.5632141325138889 0.09679617200892857 0.1969674562105263
7 0.309782719609375 0.6862838109305555 0.09825195584821429 0.1776515157631579
7 0.3397810101484375 1.0107333289305556 0.06197115352678571 0.18279021414473684
7 0.312599468234375 1.3225207010972222 0.06494344983258929 0.21344700864473684
18 0.24062510728906247 0.22304775449999997 0.18389725685267858 0.2111282248223684
18 0.24062510728906247 0.22304775449999997 0.18389725685267858 0.2111282248223684
