7 0.309311187265625 0.3911113209166667 0.12575588907366073 0.21234262365789472
7 0.3115152835859375 0.5570170508472223 0.09728649684151787 0.19796014083552632
7 0.313931024078125 0.6805654313749999 0.09879933084821428 0.178639984125
7 0.3434474706640625 1.0064884185833334 0.062272753035714286 0.1834421659736842
7 0.316176486015625 1.3188212500694445 0.06513459341517856 0.21379069278947369
7 0.309311187265625 0.3911113209166667 0.12575588907366073 0.21234262365789472
7 0.3115152835859375 0.5570170508472223 0.09728649684151787 0.19796014083552632
7 0.313931024078125 0.6805654313749999 0.09879933084821428 0.178639984125
7 0.3434474706640625 1.0064884185833334 0.062272753035714286 0.1834421659736842
7 0.316176486015625 1.3188212500694445 0.06513459341517856 0.21379069278947369
18 0.2449769556484375 0.21479334831944444 0.18493058 0.2123161065
18 0.2449769556484375 0.21479334831944444 0.18493058 0.2123161065
