1 0.10906041860937501 1.1812725914861113 0.11839798518973214 0.38878868504605263
1 0.208296161890625 1.1374835120416666 0.10065628801339287 0.38282667461842107
1 0.25006774664062503 1.081269709263889 0.09275937080357143 0.35713601362499997
1 0.039546445015625 1.2791793399305555 0.09889898981026786 0.5607013501578947
1 0.10906041860937501 1.1812725914861113 0.11839798518973214 0.38878868504605263
1 0.208296161890625 1.1374835120416666 0.10065628801339287 0.38282667461842107
1 0.25006774664062503 1.081269709263889 0.09275937080357143 0.35713601362499997
1 0.039546445015625 1.2791793399305555 0.09889898981026786 0.5607013501578947
5 0.172749197484375 0.6982570012499999 0.33092355727678574 0.38107458416447365
5 0.172749197484375 0.6982570012499999 0.33092355727678574 0.38107458416447365
