1 0.1171706587109375 1.1751004960833333 0.11866085018973214 0.387948568243421
1 0.21615235209375 1.1312124040416667 0.10077839238839285 0.3826175489013158
1 0.25781296491406247 1.0748635610000001 0.09309445108258929 0.35735405370394735
1 0.048058202859374996 1.2726675669444445 0.10051902703125 0.5590167798552632
1 0.1171706587109375 1.1751004960833333 0.11866085018973214 0.387948568243421
1 0.21615235209375 1.1312124040416667 0.10077839238839285 0.3826175489013158
1 0.25781296491406247 1.0748635610000001 0.09309445108258929 0.35735405370394735
1 0.048058202859374996 1.2726675669444445 0.10051902703125 0.5590167798552632
5 0.17713957428906252 0.6917506535833333 0.3278257846875 0.3781511607828947
5 0.17713957428906252 0.6917506535833333 0.3278257846875 0.3781511607828947
