1 0.1306296736015625 1.167450798875 0.11825805902901786 0.38624315763157896
1 0.22910860776562497 1.1240231831805556 0.10086219651785713 0.3821249710855263
1 0.270634233953125 1.067858462875 0.0931063038950893 0.35718696996710525
1 0.061985328796875 1.2642671373194445 0.1022337504799107 0.557242945618421
1 0.1306296736015625 1.167450798875 0.11825805902901786 0.38624315763157896
1 0.22910860776562497 1.1240231831805556 0.10086219651785713 0.3821249710855263
1 0.270634233953125 1.067858462875 0.0931063038950893 0.35718696996710525
1 0.061985328796875 1.2642671373194445 0.1022337504799107 0.557242945618421
5 0.18678449988281248 0.6847168392638889 0.32505655289062496 0.37580506174342104
5 0.18678449988281248 0.6847168392638889 0.32505655289062496 0.37580506174342104
