1 0.13607079684375 1.1646815405972222 0.11804697343750001 0.3855349490526316
1 0.2343231320390625 1.1213990105416667 0.10071771485491073 0.3817021420065789
1 0.2758031606640625 1.0653372022777776 0.093050071171875 0.3569224307368421
1 0.06770221590625 1.261118698111111 0.10233373301339287 0.5558982045986842
1 0.13607079684375 1.1646815405972222 0.11804697343750001 0.3855349490526316
1 0.2343231320390625 1.1213990105416667 0.10071771485491073 0.3817021420065789
1 0.2758031606640625 1.0653372022777776 0.093050071171875 0.3569224307368421
1 0.06770221590625 1.261118698111111 0.10233373301339287 0.5558982045986842
5 0.19110946059375 0.6822389814583333 0.32438073839285714 0.37527526051973686
5 0.19110946059375 0.6822389814583333 0.32438073839285714 0.37527526051973686
