1 0.14156259894531248 1.1623510996388888 0.11781435353794643 0.3849750317960526
1 0.2396741390234375 1.119139099125 0.10060501098214285 0.3813588192631579
1 0.281107640265625 1.0631531609444442 0.09291894094866071 0.3566976446842105
1 0.073293468359375 1.258459218347222 0.10260603257812499 0.5549962897105263
1 0.14156259894531248 1.1623510996388888 0.11781435353794643 0.3849750317960526
1 0.2396741390234375 1.119139099125 0.10060501098214285 0.3813588192631579
1 0.281107640265625 1.0631531609444442 0.09291894094866071 0.3566976446842105
1 0.073293468359375 1.258459218347222 0.10260603257812499 0.5549962897105263
5 0.1961220562421875 0.6800720426805557 0.32406817164062496 0.3751367870131579
5 0.1961220562421875 0.6800720426805557 0.32406817164062496 0.3751367870131579
