1 0.1687976121875 1.1584915161111111 0.11654710770089285 0.3821868896447368
1 0.26620228290625 1.1164679209305557 0.1000286511049107 0.38013430142763155
1 0.307483482359375 1.06085094875 0.09262153080357143 0.35629794471710524
1 0.10128949880468749 1.2533457862083333 0.10249515941964285 0.5506057337763157
1 0.1687976121875 1.1584915161111111 0.11654710770089285 0.3821868896447368
1 0.26620228290625 1.1164679209305557 0.1000286511049107 0.38013430142763155
1 0.307483482359375 1.06085094875 0.09262153080357143 0.35629794471710524
1 0.10128949880468749 1.2533457862083333 0.10249515941964285 0.5506057337763157
5 0.22055693864843748 0.677700593736111 0.322158302578125 0.3734533611118421
5 0.220514070984375 0.6777041965 0.32215397698660714 0.37327254446052627
