1 0.1726869642734375 1.1591257307222222 0.11631057943080357 0.3817347877894737
1 0.269988989828125 1.1171580844444444 0.09994472775669642 0.3803454750394737
1 0.311282432078125 1.061506907138889 0.09266270909598215 0.35649960165789474
1 0.1053743362421875 1.253607771125 0.10219202723214285 0.5493869982236842
1 0.1726869642734375 1.1591257307222222 0.11631057943080357 0.3817347877894737
1 0.269988989828125 1.1171580844444444 0.09994472775669642 0.3803454750394737
1 0.311282432078125 1.061506907138889 0.09266270909598215 0.35649960165789474
1 0.1053743362421875 1.253607771125 0.10219202723214285 0.5493869982236842
5 0.225014793875 0.6784239027222223 0.32240278380580356 0.3741779528092105
5 0.22497192621093748 0.6784278657777777 0.3223987647433036 0.3739980396513158
