1 0.1807763576484375 1.1606089698055557 0.11615698678571429 0.3810912684473684
1 0.27786567210937496 1.1189708285972222 0.09999595369419643 0.3800859953289473
1 0.319090175625 1.0633823394722224 0.09289639337053571 0.3566076579868421
1 0.11379674077343752 1.2548766665972222 0.10179698467633928 0.5482386137368421
1 0.1807763576484375 1.1606089698055557 0.11615698678571429 0.3810912684473684
1 0.27786567210937496 1.1189708285972222 0.09999595369419643 0.3800859953289473
1 0.319090175625 1.0633823394722224 0.09289639337053571 0.3566076579868421
1 0.11379674077343752 1.2548766665972222 0.10179698467633928 0.5482386137368421
5 0.23423415422656252 0.6805569966666667 0.32209583690848215 0.3742890207434211
5 0.2341913938515625 0.6805610868749999 0.3220921925111607 0.37411019175
