1 0.186033076046875 1.160648473111111 0.11607887063616072 0.38070578325
1 0.2829697728125 1.1191765679305556 0.1001151970424107 0.38031270880263157
1 0.32414454221875 1.0636762830972222 0.09298089572544643 0.3566335577763158
1 0.11922493875 1.2546280755 0.10171622037946429 0.547202260875
1 0.186033076046875 1.160648473111111 0.11607887063616072 0.38070578325
1 0.2829697728125 1.1191765679305556 0.1001151970424107 0.38031270880263157
1 0.32414454221875 1.0636762830972222 0.09298089572544643 0.3566335577763158
1 0.11922493875 1.2546280755 0.10171622037946429 0.547202260875
5 0.2400052905078125 0.6810113059166667 0.32228943280133926 0.3747488925394737
5 0.239962494375 0.6810155020833334 0.3222859927566964 0.3745702442368421
