1 0.1919053137265625 1.159570354888889 0.115623184609375 0.37987458078947367
1 0.288669681546875 1.1182376437638888 0.09992320196428571 0.3800062480657895
1 0.32985811233593754 1.0627808464861113 0.09280667986607143 0.35656657971710526
1 0.1253024637734375 1.2532590230277778 0.10214664254464287 0.5463305824736842
1 0.1919053137265625 1.159570354888889 0.115623184609375 0.37987458078947367
1 0.288669681546875 1.1182376437638888 0.09992320196428571 0.3800062480657895
1 0.32985811233593754 1.0627808464861113 0.09280667986607143 0.35656657971710526
1 0.1253024637734375 1.2532590230277778 0.10214664254464287 0.5463305824736842
5 0.24454699754687498 0.6804273181527778 0.3216874940066964 0.37397768121710523
5 0.24452913999218748 0.680503972375 0.32202747889508926 0.37436575638157893
