1 0.2078842103515625 1.1559254540277777 0.11546695232142858 0.37881208721052634
1 0.304241526125 1.1152044508194445 0.0997274603125 0.3794945164736842
1 0.34534475803125 1.0599681430416668 0.09248767580357142 0.35643479196710526
1 0.1417214155234375 1.2486724853472222 0.10266184806919643 0.5442781147105263
1 0.2078842103515625 1.1559254540277777 0.11546695232142858 0.37881208721052634
1 0.304241526125 1.1152044508194445 0.0997274603125 0.3794945164736842
1 0.34534475803125 1.0599681430416668 0.09248767580357142 0.35643479196710526
1 0.1417214155234375 1.2486724853472222 0.10266184806919643 0.5442781147105263
5 0.256411266328125 0.6779242621527778 0.32262822560267856 0.37585481342763155
5 0.25639349221874996 0.6780012978472223 0.32296930040178573 0.37624493648684204
