1 0.21799793839843748 1.155398729111111 0.11520942619419643 0.378237352875
1 0.3140647530546875 1.114892493361111 0.09965429987723215 0.3793224937105263
1 0.35513327121875 1.0596519046250001 0.09268760680803571 0.3567495647171052
1 0.1520162224765625 1.2480283949166666 0.10298139708705357 0.5435543662697369
1 0.21799793839843748 1.155398729111111 0.11520942619419643 0.378237352875
1 0.3140647530546875 1.114892493361111 0.09965429987723215 0.3793224937105263
1 0.35513327121875 1.0596519046250001 0.09268760680803571 0.3567495647171052
1 0.1520162224765625 1.2480283949166666 0.10298139708705357 0.5435543662697369
5 0.26566027403125003 0.6777328067361111 0.3233479431696429 0.3777729636710526
5 0.2656426072109375 0.6778099483888889 0.32368983541294644 0.3781651948618421
