1 0.2287189662421875 1.1549266815138888 0.11513745784598214 0.377888127375
1 0.3246917366953125 1.1146165212083332 0.0995206492299107 0.37920985975657895
1 0.36577905416406253 1.0594366285555556 0.09262388092633929 0.35685111598026314
1 0.16297760009375 1.2472475263749998 0.10335244450892857 0.5423308121447368
1 0.2287189662421875 1.1549266815138888 0.11513745784598214 0.377888127375
1 0.3246917366953125 1.1146165212083332 0.0995206492299107 0.37920985975657895
1 0.36577905416406253 1.0594366285555556 0.09262388092633929 0.35685111598026314
1 0.16297760009375 1.2472475263749998 0.10335244450892857 0.5423308121447368
5 0.2757639765703125 0.677475611375 0.32345093999999996 0.3782883091973684
5 0.27574638128125 0.6775527318333333 0.3237929344196429 0.37868108248026316
