1 0.234596043828125 1.1547321319583335 0.11513388157366071 0.3776857476513158
1 0.33058155775000003 1.1145471360972221 0.09968604360491072 0.37957715486842103
1 0.37168102264062497 1.0593712700694444 0.09276403699776785 0.35716335898026313
1 0.1689161300625 1.246919292875 0.10326412745535715 0.5418817218947368
1 0.234596043828125 1.1547321319583335 0.11513388157366071 0.3776857476513158
1 0.33058155775000003 1.1145471360972221 0.09968604360491072 0.37957715486842103
1 0.37168102264062497 1.0593712700694444 0.09276403699776785 0.35716335898026313
1 0.1689161300625 1.246919292875 0.10326412745535715 0.5418817218947368
5 0.2811701416953125 0.6773541132500001 0.32383469172991075 0.3792099199736842
5 0.2811526179296875 0.6774313608888889 0.32417709486607144 0.3796037774407895
