1 0.2407405018828125 1.1544525146527778 0.11505818367187501 0.3774273521052632
1 0.3366891622578125 1.1143811119861111 0.09973846162946429 0.37963774831578945
1 0.37781298160937504 1.0592121971944444 0.09280170713169643 0.357165406875
1 0.1751831114296875 1.2464544931944443 0.10318093640625 0.5414054067434211
1 0.2407405018828125 1.1544525146527778 0.11505818367187501 0.3774273521052632
1 0.3366891622578125 1.1143811119861111 0.09973846162946429 0.37963774831578945
1 0.37781298160937504 1.0592121971944444 0.09280170713169643 0.357165406875
1 0.1751831114296875 1.2464544931944443 0.10318093640625 0.5414054067434211
5 0.2863288283359375 0.6772623697916667 0.32474834578125 0.38079769736842106
5 0.28631135225 0.6773398293333333 0.32509177071428574 0.3811933617828947
