1 0.27522033453125 1.1549782647083333 0.11580293518973214 0.37774899132236844
1 0.371142029765625 1.1161510043611111 0.10058913911830357 0.3814397711447368
1 0.4125209331484375 1.0611406114444444 0.09371076311383929 0.3592469064868421
1 0.2101235628125 1.245705668138889 0.10243061610491071 0.5388615658421052
1 0.27522033453125 1.1549782647083333 0.11580293518973214 0.37774899132236844
1 0.371142029765625 1.1161510043611111 0.10058913911830357 0.3814397711447368
1 0.4125209331484375 1.0611406114444444 0.09371076311383929 0.3592469064868421
1 0.2101235628125 1.245705668138889 0.10243061610491071 0.5388615658421052
5 0.3214110016796875 0.6778277926944445 0.32700998441964285 0.38456870630921053
5 0.3213935494453125 0.6779057820694444 0.327356168203125 0.38496864720394736
