1 0.2803832769375 1.1558420393194444 0.11596550260044643 0.3778112712631579
1 0.3763052821171875 1.1171252356666665 0.10060136658482143 0.38144157811184204
1 0.4177284121484375 1.0621669345416669 0.09372183254464285 0.35937845330921053
1 0.21541426778125 1.2464071061805555 0.10223012311383929 0.5384436757894736
1 0.2803832769375 1.1558420393194444 0.11596550260044643 0.3778112712631579
1 0.3763052821171875 1.1171252356666665 0.10060136658482143 0.38144157811184204
1 0.4177284121484375 1.0621669345416669 0.09372183254464285 0.35937845330921053
1 0.21541426778125 1.2464071061805555 0.10223012311383929 0.5384436757894736
5 0.32749655246875 0.6785836749583334 0.32707302910714287 0.3850925445592105
5 0.32746020555468747 0.6786557091666667 0.32733028275669646 0.3852706507697368
