1 0.3077524304375 1.1620764414444444 0.11719979559151786 0.3786484969342105
1 0.40349384546093753 1.124888907527778 0.10235701287946429 0.3838503787302632
1 0.44507727622656246 1.0703106350277778 0.09531484331473214 0.36192651045394736
1 0.2432959318125 1.2513165791805556 0.10038777760044644 0.5361889487763157
1 0.3077524304375 1.1620764414444444 0.11719979559151786 0.3786484969342105
1 0.40349384546093753 1.124888907527778 0.10235701287946429 0.3838503787302632
1 0.44507727622656246 1.0703106350277778 0.09531484331473214 0.36192651045394736
1 0.2432959318125 1.2513165791805556 0.10038777760044644 0.5361889487763157
5 0.36159181594531253 0.6844768100277777 0.3263714654129464 0.3836054751710526
5 0.36166591644531254 0.6846842871805555 0.32749067033482143 0.38548748619078943
