1 0.3475867390625 1.1707541571805555 0.11922683034598214 0.38131135640131575
1 0.44419100284375 1.1352861616388887 0.10493557793526785 0.38954519974342106
1 0.48645565510156247 1.0809028201666666 0.09776163101562499 0.36743256418421055
1 0.28293066025 1.2585027906666666 0.09786122186383929 0.5352170442236842
1 0.3475867390625 1.1707541571805555 0.11922683034598214 0.38131135640131575
1 0.44419100284375 1.1352861616388887 0.10493557793526785 0.38954519974342106
1 0.48645565510156247 1.0809028201666666 0.09776163101562499 0.36743256418421055
1 0.28293066025 1.2585027906666666 0.09786122186383929 0.5352170442236842
5 0.41227343082812495 0.6916027492916667 0.3340388025558036 0.3939730995592105
5 0.41218475103124996 0.6916201697361111 0.3339651993303571 0.39346317491447363
