1 0.3618877530078125 1.1764119889999998 0.119419200078125 0.38174779792105257
1 0.45881850719531253 1.1415332370277778 0.10551295962053572 0.39109786184210527
1 0.501345729828125 1.0872690836527779 0.09810842786830357 0.36877802798684206
1 0.29718598127343754 1.2636123233472223 0.09724749837053571 0.5346531516710527
1 0.3618877530078125 1.1764119889999998 0.119419200078125 0.38174779792105257
1 0.45881850719531253 1.1415332370277778 0.10551295962053572 0.39109786184210527
1 0.501345729828125 1.0872690836527779 0.09810842786830357 0.36877802798684206
1 0.29718598127343754 1.2636123233472223 0.09724749837053571 0.5346531516710527
5 0.43298671245312503 0.6974104139444445 0.33963782446428575 0.40078269556578944
5 0.433429133890625 0.6963667339722223 0.3344135625 0.39277923984868424
