1 0.36904647349999997 1.178931978013889 0.1199047224888393 0.3824329978618421
1 0.4660993576015625 1.1443992614722223 0.10554136549107143 0.3912503694276316
1 0.50870442390625 1.0902108934166668 0.09834766388392857 0.3693728798289474
1 0.30436379909375 1.2656178792361112 0.09710400445312499 0.5346824244473684
1 0.36904647349999997 1.178931978013889 0.1199047224888393 0.3824329978618421
1 0.4660993576015625 1.1443992614722223 0.10554136549107143 0.3912503694276316
1 0.50870442390625 1.0902108934166668 0.09834766388392857 0.3693728798289474
1 0.30436379909375 1.2656178792361112 0.09710400445312499 0.5346824244473684
5 0.4425341606171875 0.7010491689027778 0.3427595411049107 0.41140775178947364
5 0.44385285377343753 0.699629783638889 0.3389918463616071 0.4004803908552631
