1 0.3844573736171875 1.184352917138889 0.12007025310267858 0.38201522826315787
1 0.48153512478125 1.1508547041111112 0.10625069482142857 0.39253584209210524
1 0.5242837905859374 1.097095998125 0.09887804303571428 0.37030021265131574
1 0.31997386217187496 1.270129691236111 0.09688455717633929 0.5333063627565788
1 0.3844573736171875 1.184352917138889 0.12007025310267858 0.38201522826315787
1 0.48153512478125 1.1508547041111112 0.10625069482142857 0.39253584209210524
1 0.5242837905859374 1.097095998125 0.09887804303571428 0.37030021265131574
1 0.31997386217187496 1.270129691236111 0.09688455717633929 0.5333063627565788
5 0.4512772679296875 0.7083371904166667 0.3177792344754464 0.4187702781315789
5 0.4526503920546875 0.7065830866527777 0.3138560227008929 0.4052732969605263
