1 0.1004521280546875 0.6824868308194444 0.11725864239955357 0.2384921625986842
1 0.19074548482812498 0.6255500157638889 0.06403374671874999 0.1308691526644737
1 0.39618631601562504 0.48707728915277776 0.057847533906250005 0.106157082
1 0.6722834587109375 0.46498264736111106 0.054264613560267856 0.11151532624342105
5 0.34160095453125 0.53526473575 0.060720954620535714 0.11524784690131579
5 0.1471438407890625 0.8180686950694445 0.07295083999999999 0.12313433194736842
19 0.3199699997890625 0.9132453070694445 0.11710953712053572 0.24656596936184208
19 0.4264689803125 0.8725147671111112 0.10589630263392857 0.27766787879605265
19 0.689925837515625 0.9302617390972222 0.10299825668526785 0.19820347835526317
19 0.7792884349843751 0.9064647250694444 0.08632183074776786 0.26081229761842106
19 0.9639641761796875 0.9352370791944444 0.08788408551339286 0.18406303807894736
19 0.858826828 0.7856599171944445 0.08971813746651787 0.18808316682236842
19 0.9061136722578125 0.7576967663194444 0.046280860904017854 0.19762001036842106
19 0.62731266021875 0.743741861986111 0.09313433511160715 0.2020248413092105
19 0.68853840828125 0.7763412475555554 0.06945773533482143 0.13855373984210526
19 0.35048841238281253 0.6478470484444444 0.06759374482142858 0.1902623025986842
19 0.19954720735937498 0.788140233361111 0.09094854763392857 0.18629355179605261
19 0.060895355046875 0.857674153638889 0.10942172152901786 0.2701022499473684
19 0.295414471625 0.6341700024027778 0.07309232439732143 0.18810250130921052
19 0.23402609824999998 0.6475035137638888 0.06311975206473215 0.21563794989473684
19 0.52978045940625 0.6900644726249999 0.08181973866071428 0.13879737854605265
