1 0.1012310266484375 0.6898772133611111 0.11659131731026785 0.2374786979210526
1 0.191423267125 0.6330046335833334 0.06398461545758928 0.13075284455921052
1 0.39660739898437497 0.49466766780555554 0.058059419899553565 0.10655648080263158
1 0.6729418516171874 0.4724258210972222 0.05429152080357143 0.11157561854605262
5 0.34225186109375 0.5427167680416667 0.06074438776785714 0.11529777927631578
5 0.1477156162265625 0.8256280263194445 0.07281439645089285 0.12287352712499999
19 0.3205791711796875 0.9170040130555555 0.11709540231026785 0.23588333129605263
19 0.4270994901640625 0.8800024244444444 0.10593775340401786 0.27774256655921054
19 0.6904581308359374 0.9338908725277777 0.10369552885044643 0.18788909911184212
19 0.7800096988671875 0.9110602908611111 0.08644526344866073 0.2527760154276316
19 0.9647586345703125 0.9390346950972221 0.08769403185267857 0.1732698139342105
19 0.859538030625 0.7931174808194444 0.08972699301339285 0.18810966894078945
19 0.9068636417421875 0.765150600013889 0.046306746350446425 0.19771758631578945
19 0.6279786586796875 0.75121390025 0.093211446484375 0.20218391417763157
19 0.6892383337031249 0.783790546 0.06914567947544643 0.13801466289473685
19 0.3511622905703125 0.6553234524166667 0.06757293428571429 0.1901632208486842
19 0.2001788795 0.7955696105972223 0.09092775412946429 0.18626451994736842
19 0.0614894837109375 0.8651097615555555 0.10951372555803572 0.270288005625
19 0.29611009359375 0.6415538364027777 0.07318513734375 0.188259285375
19 0.23469399214062497 0.6549264695972222 0.06332162448660714 0.2160839683223684
19 0.5304091691953124 0.697498152 0.08192328044642858 0.13898138749342104
