1 0.1006717860703125 0.6904173745000001 0.11646228177455356 0.23728402790131578
1 0.190901458265625 0.6336099200833333 0.06417073522321429 0.13107743514473683
1 0.3960456848125 0.49539462195833334 0.05809238978794643 0.10662117003947369
1 0.672484326359375 0.4731417338055555 0.05427544457589285 0.11155134501315789
5 0.34168016910937504 0.5433184729583332 0.060650212421875 0.11510009765131578
5 0.1471636593359375 0.8261663225 0.07296502590401786 0.12314240305263158
19 0.31999783515625 0.9172833760694445 0.11724444797991072 0.23508935226315789
19 0.4265500903125 0.8806479983888889 0.10598744665178572 0.27786796971710526
19 0.6899024724921875 0.9341889275555556 0.10383626392857144 0.18704199540789473
19 0.7794575929609375 0.9114719814722223 0.08636004583705358 0.25160594739473685
19 0.9641722679140624 0.9394572787777777 0.08761923654017857 0.1720687866118421
19 0.8590271949765625 0.7939267476388889 0.08975355965401786 0.1881871273618421
19 0.9063019275703125 0.7659840477916666 0.04629393986607143 0.19778679296052631
19 0.6274519681953125 0.7519476572638889 0.09325633729910714 0.20225890310526315
19 0.6887164831171875 0.7845475514722223 0.06954799379464285 0.1387509396118421
19 0.3506309747734375 0.655958832625 0.06768349238839286 0.19035228929605263
19 0.1996180117109375 0.7961343553333333 0.09096382345982143 0.18632836592763158
19 0.06089866459375 0.8656616634861112 0.10948512383928573 0.27029005351973684
19 0.2955514431015625 0.6422039455833334 0.07325410842633928 0.18835228367763157
19 0.2341502666484375 0.6555557674861111 0.06325462886160714 0.2159130297236842
19 0.5299196004843749 0.69816646575 0.082065650390625 0.13922743545394736
