1 0.09943921565625 0.69125175475 0.116036687578125 0.2366711666644737
1 0.189504176375 0.6345363616944444 0.06412143367187499 0.13101376985526314
1 0.394852602484375 0.49650374519444446 0.058006116316964285 0.10646414506578947
1 0.671255612375 0.47467479705555554 0.054179259709821424 0.11136673375657895
5 0.34045646190625 0.5443589952222223 0.060758999419642856 0.11530067042763156
5 0.1457447528828125 0.826966815513889 0.07301453181919644 0.12323901526973684
19 0.3185892701171875 0.917780558263889 0.11728910037946429 0.23367630807236842
19 0.4251501560234375 0.8817937638888887 0.10612923758928572 0.27803493298026316
19 0.6884622573828125 0.9349062601666666 0.10389246258928572 0.18500326055921051
19 0.7780262708671876 0.9122414906805555 0.08650514058035715 0.24941892122368423
19 0.9626962184921876 0.9403254190972221 0.08782345908482143 0.16960144042105263
19 0.8576218605078125 0.795596906875 0.08980015345982142 0.18823507207894735
19 0.9049180984531249 0.7677455690138888 0.046298708236607145 0.19773842660526317
19 0.6261037111250001 0.7533205032361111 0.09329080581473215 0.2023030531973684
19 0.6873095512421875 0.7860340542361112 0.06955896104910715 0.13873395418421053
19 0.3493227481875 0.6569574991805556 0.06767395564732143 0.19022345291447368
19 0.1982419013984375 0.7970284355972223 0.09103093828125 0.18639148912499998
19 0.05945684015625 0.8663602193194445 0.10957407950892857 0.27036919845394736
19 0.29425210953125 0.6431640413055556 0.07330049786830357 0.1884035411644737
19 0.2328161597265625 0.656461461388889 0.06345997537946428 0.2161375748486842
19 0.52860269546875 0.6994308259722223 0.0820008686607143 0.1391214270394737
