1 0.089654833078125 0.682626809013889 0.11197565283482143 0.22831240201973685
1 0.1812102079375 0.6306042353194444 0.064878395625 0.1321151130986842
1 0.387877678875 0.49554290772222226 0.05816411972098214 0.10665315327631579
1 0.662696647640625 0.47789711423611114 0.062125614709821426 0.12557824788157895
5 0.33271446228125 0.5430111567222222 0.061498846328125 0.11657572294736843
5 0.13642655610937499 0.8227640363888888 0.0736102036049107 0.1243321067368421
19 0.3089841008203125 0.9166122012777776 0.11857819556919644 0.2369969016710526
19 0.41588814258593754 0.8816719902916668 0.10745804650669644 0.2795912090131579
19 0.678829240796875 0.9365028805138889 0.10479341234374999 0.18046549746710525
19 0.7685319662109376 0.9146059672083334 0.08744110379464286 0.24269883005921053
19 0.9528201580078125 0.9439806620277779 0.08849457332589285 0.15921285528947368
19 0.8486185073828125 0.8017875671388889 0.09034347534598215 0.18884076570394737
19 0.89598627090625 0.7746621449722222 0.04708726065848214 0.19765910098026312
19 0.6174553871171875 0.7561368518472221 0.09383010863839285 0.20285983839473684
19 0.6785892725 0.7897472805416665 0.07000453131696428 0.13948275917763156
19 0.3410494804375 0.6557645161944445 0.06853764397321428 0.19129678825657895
19 0.189164620640625 0.793558714125 0.0921926328125 0.18822700099342107
19 0.049785031375 0.861137771611111 0.11097268546875001 0.27187849346052634
19 0.28597683906250004 0.6410715103194444 0.0741487230580357 0.18943893031578946
19 0.2244483828515625 0.6534641689722223 0.06420377322544643 0.21684048301973685
19 0.520222902296875 0.7009411281944444 0.08249187469866072 0.14004773591447367
