1 0.0867537945546875 0.6828791088611111 0.10803462777901786 0.2215085280592105
1 0.17837530374218752 0.6309160868333333 0.066426924296875 0.13475285579605262
1 0.389763438703125 0.48820434147222225 0.050353493013392855 0.09222004539473684
1 0.659804654125 0.47903912862500003 0.06614378520089285 0.13276435450657895
5 0.330337250234375 0.5445903354166666 0.061920404430803565 0.1173351890131579
5 0.13367996215625 0.8237962086944444 0.07376374516741072 0.12460242823026316
19 0.306239736078125 0.917306688097222 0.11882492474330357 0.23502309698684212
19 0.41317654848437496 0.8834328545555555 0.10778682572544643 0.28015136719736844
19 0.676047611234375 0.9376652187777779 0.10507801600446429 0.17716200978947366
19 0.7657690286640625 0.9158964369027779 0.08757679803571429 0.23903117932894735
19 0.9499483585390625 0.9455259958888889 0.08847795214285714 0.1548208537894737
19 0.8459164619453124 0.8046887715694443 0.09046772547991071 0.18906386526315788
19 0.8932407856015624 0.7776425891527777 0.04728249140625 0.19793598777631577
19 0.614853000640625 0.7584327697777777 0.09414809090401786 0.20337331671710526
19 0.6759233713125 0.7921872456944443 0.070018155234375 0.1394189131973684
19 0.33848329782812503 0.6574185901249999 0.06870150565848214 0.19124324196710524
19 0.18649585246875 0.7947344462083333 0.09229625974330358 0.18840010794078946
19 0.046992394328125 0.8619897206527778 0.11116947446428571 0.27208304153289475
19 0.2834489345546875 0.6425026575694445 0.07432392665178571 0.18972563492763156
19 0.2218716084921875 0.654729610013889 0.06456465380580358 0.21730890775657893
19 0.5177089691171874 0.702979766 0.08270304543526785 0.140435690625
