1 0.0849301427578125 0.685975413861111 0.11328545638392858 0.23018447475
1 0.1770170569453125 0.6368321948611111 0.06604313850446429 0.13425636292105264
1 0.3878612160703125 0.4908806059166666 0.054633242745535715 0.09984795420394738
1 0.6580613136328125 0.4845309999166667 0.06718076978794643 0.1350176961710526
5 0.3290688037890625 0.5500847074722223 0.06211723600446428 0.11770929035526315
5 0.1323223471640625 0.829316541888889 0.07387757301339286 0.1247887862368421
19 0.3048948645625 0.9200559404166667 0.11891988345982142 0.22720943249999997
19 0.41191304921875 0.8889995575 0.10786877359375001 0.28032591971052634
19 0.674863767625 0.940476014875 0.10501030513392857 0.16917343138815788
19 0.7646087408046875 0.9187829759444445 0.08735840660714286 0.23082733154605262
19 0.9487143039687499 0.9483430650555555 0.08844198498883929 0.14681444670394736
19 0.8447148323046875 0.8103318108472223 0.09043502808035715 0.18896532560526316
19 0.8920490264921875 0.7833413442083332 0.04741096496651786 0.1979482148881579
19 0.6136684179296875 0.7639595879444444 0.0937961169642857 0.20271678724342104
19 0.6747301578515625 0.7977575090277779 0.06999111175223215 0.13940216867763158
19 0.33700053692187504 0.6637074576388888 0.06811809540178572 0.18886106390131577
19 0.1851440668125 0.8002123514722222 0.0923442159375 0.1885265952631579
19 0.045586225390625 0.8673842112222221 0.11127530677455356 0.2723167419473684
19 0.28223782778125 0.647894605 0.07437096323660715 0.18978357817105262
19 0.22062711715625 0.6601930618333334 0.06454869678571429 0.21735432274342106
19 0.5164645910234376 0.7084666993888888 0.082650525234375 0.14034088535526318
