1 0.0847596734765625 0.6871244430555555 0.11621118443080357 0.23522746436842104
1 0.1768495619296875 0.6382403055833333 0.06609908171875 0.1344049554078947
1 0.3865653395625 0.4937903722222222 0.05697567122767857 0.10420321415131578
1 0.6579827308671875 0.4857542249861111 0.06699371338169643 0.1346154062368421
5 0.32899624109375003 0.5513268576666667 0.06205943652901786 0.11757569563815788
5 0.1322628617265625 0.830549324875 0.07387873104910714 0.12480263960526317
19 0.3048141121875 0.9207277509861111 0.11887833050223215 0.225300076125
19 0.4118334531796875 0.8902796851249999 0.107818535390625 0.28028158890789473
19 0.6747894763984374 0.9411248101111112 0.10508714402901786 0.16732948705263156
19 0.7645003795624999 0.9194143083472223 0.08739307948660714 0.22903301842105261
19 0.9486645698515626 0.949037975736111 0.08836174011160715 0.14483943738157895
19 0.8446188926718751 0.8115907457083333 0.09043393815848214 0.18901905260526317
19 0.8919664859765625 0.7845509847083333 0.04718984876116072 0.19776812101973684
19 0.613585472109375 0.7653162426388889 0.0939193453125 0.20294621115789474
19 0.6746403694140625 0.7991394466944444 0.06991944994419642 0.13929182354605263
19 0.3369127154375 0.6650857713472222 0.06789735385044643 0.18813050923026317
19 0.18507761359375 0.8015384674027778 0.09229362011160715 0.18839781911842104
19 0.0455341778671875 0.8687239329027777 0.11137506791294642 0.2724940651381579
19 0.2821343302734375 0.6492073694861111 0.07437246186383928 0.1897435840855263
19 0.2205235898515625 0.6615390777638889 0.06457241944196428 0.2173229418355263
19 0.51639800071875 0.7097926457777778 0.08263574328125001 0.14031932228289473
