1 0.1063854187734375 0.6774141099722223 0.11190803561383929 0.2290220561842105
1 0.1954128265390625 0.6198629379305556 0.0636301040625 0.13019322846710527
1 0.400170719625 0.4801661597361111 0.057707616261160714 0.10595012463157893
1 0.67651720046875 0.45641979641666663 0.05329554421875 0.1098902652236842
5 0.34583771228906246 0.5285913467361111 0.060407911026785714 0.11468479758552631
5 0.152185475828125 0.8126760694722222 0.07262134552455357 0.12251635099342105
19 0.325144541265625 0.9100624084444443 0.11652772766741071 0.25537454705921053
19 0.43145029544531244 0.8652231428333335 0.10528189795758928 0.2769399140921053
19 0.6952067852031251 0.9260859595416666 0.10191181727678571 0.21007148340789475
19 0.78433442115625 0.897103585125 0.08594662802455356 0.2604490982763158
19 0.9690859317812499 0.9300667656805555 0.08735888344866072 0.19875761332894737
19 0.8636705875390625 0.7758447223333332 0.08939620426339286 0.18763859398026317
19 0.9109376907343749 0.7474873012916666 0.04589789254464286 0.19741853411842103
19 0.6320075511953125 0.7352915445972223 0.09283624376116072 0.20164706581578945
19 0.6932894229921875 0.7674801720555556 0.06917394910714285 0.13810091520394735
19 0.355065298078125 0.6411755455833332 0.06712620599330357 0.18960655614473684
19 0.2045058846484375 0.7823028988333334 0.09052668299107143 0.18567798011842104
19 0.06616624296093751 0.8527043660416667 0.10882994958705358 0.2692320171118421
19 0.3000127315546875 0.6278552373333334 0.07276746205357143 0.1876890684473684
19 0.238700032234375 0.6415423711111111 0.06279230118303572 0.2155060416710526
19 0.5343471527109375 0.6821084764305555 0.08172498430803572 0.13861397190789473
