1 0.0955401986875 0.6935665342638889 0.14221228871651787 0.27769492300657894
1 0.18445159196875 0.6497676849305556 0.06510295186383928 0.13277146188157893
1 0.39504823684375 0.5063280953333333 0.058549608504464286 0.10736021745394736
1 0.665359020234375 0.495664384625 0.06506102425223213 0.13019569798026315
5 0.3363392233828125 0.5620231628472223 0.06187735284598215 0.11725989894078948
5 0.13992960453125 0.8413552178333333 0.07359896387276786 0.1243103027368421
19 0.31231499910156246 0.9260607401527778 0.11879924364955356 0.21014315956578947
19 0.41923358440624997 0.9008287217777777 0.10770068849330358 0.2799875359736842
19 0.68228287696875 0.9463098314027777 0.10487638200892857 0.15259311073026313
19 0.7720873355859375 0.9245715247222221 0.08712128231026785 0.21437566655921053
19 0.9563918590546875 0.9539624108194443 0.08863816941964286 0.1308436745131579
19 0.85215826034375 0.8215333726666666 0.09031077793526786 0.18879450748026316
19 0.899539470671875 0.7944845411527778 0.04712159293526786 0.1973363775986842
19 0.6209141254453125 0.7755376603888889 0.09379536764508929 0.20276774356578947
19 0.6819750070546875 0.8092831929444444 0.06948368889508928 0.1384773655855263
19 0.3436742663359375 0.6754998313055556 0.06730968611607142 0.18577031587499998
19 0.192651188375 0.8122495015416666 0.09215937341517857 0.188124967875
19 0.053349553046875 0.87946302625 0.11130656514508928 0.27253201132894733
19 0.289528489109375 0.659917852625 0.07421364102678572 0.1894337503618421
19 0.22802147865625 0.6722481409722222 0.0644649778125 0.21708845842105262
19 0.5236614465703125 0.7201214048611111 0.08273036139508928 0.14048146699342107
