1 0.09409083425781249 0.6841512892083332 0.1373929551674107 0.26963629472368417
1 0.1844028115234375 0.6400710847777779 0.06534491266741072 0.13316013939473684
1 0.39412220716406254 0.49811132219444443 0.06133123806919643 0.11222973874342106
1 0.6652379274375 0.4859413358888889 0.06544692175223214 0.13079277840789472
5 0.3362422227890625 0.5524736828194445 0.06158515385044643 0.1167358197631579
5 0.13988990783593752 0.8318346659305556 0.07370206287946428 0.12450641832236842
19 0.312313354015625 0.9211955176527777 0.11889209065848215 0.22397063405921053
19 0.41920953989062504 0.8910596635555555 0.10753628185267858 0.27953037461842106
19 0.6821770906484375 0.9413928137777778 0.1048820359375 0.16656779238157896
19 0.771898388859375 0.9196858300138888 0.08704669135044643 0.22826132524342105
19 0.956207466125 0.9490109337638889 0.08858680725446429 0.14491629349342106
19 0.8520012855546876 0.8116938696944445 0.09018271310267857 0.18850864610526316
19 0.899323320390625 0.7845673455138888 0.047031538828125 0.1968663265855263
19 0.62077836990625 0.7657803005694443 0.09375749315848214 0.20265703703289473
19 0.681820011140625 0.7994650522916668 0.06950719015625 0.1385680750855263
19 0.343548965453125 0.6657569885277778 0.06724630083705357 0.1855053550263158
19 0.192621701953125 0.8027108086527777 0.09209532397321428 0.1880298012236842
19 0.0533348694453125 0.8699699401805555 0.11095314366071429 0.2717747738486842
19 0.2894767284375 0.6503855175416666 0.07424265997767857 0.18956071953947368
19 0.22800155878125 0.6628371980555555 0.06433476720982143 0.21681813692763158
19 0.5235997676874999 0.7105408986527777 0.08252947670758928 0.1401319403486842
