1 0.08727320134375 0.6496555964166666 0.13836701427455358 0.2718848178355263
1 0.17787301540625 0.605571174625 0.06507226399553571 0.1326663569407895
1 0.38764355182812504 0.4631984922638889 0.061198302678571424 0.11194821408552631
1 0.658739280703125 0.45041294097222223 0.06490652901785714 0.12978678250657893
5 0.3296220779453125 0.5175933414027778 0.061708859040178574 0.11696488229605262
5 0.1335846185703125 0.7972667694027779 0.07354378699776785 0.12419453670394737
19 0.30622788667968753 0.8982721540555556 0.11857267787946428 0.2583202562763158
19 0.41308251619531255 0.8556217193611111 0.10715426717633927 0.2787940979013158
19 0.675764346125 0.9232133653472221 0.10480342592633929 0.21823569850657895
19 0.765326738359375 0.894652006361111 0.08669989449776785 0.2604146455460526
19 0.9493597984296874 0.9305213928333333 0.08874103001116072 0.19746551514473684
19 0.8452733993515625 0.7752378251805556 0.09019007001116072 0.18851153725657893
19 0.8925988674140625 0.7480923758611111 0.04691818782366071 0.1968993939868421
19 0.6143691778203124 0.7300735049861111 0.0932745933482143 0.20175030357236842
19 0.675390815734375 0.76349220275 0.069234575546875 0.1380635713223684
19 0.33722847699999997 0.6306928210694445 0.06715478215401785 0.18512655558552632
19 0.1862854123125 0.7679554833333333 0.09188158171875001 0.18768876728289471
19 0.047042523328125 0.8355947282638889 0.11067655256696429 0.27148529855921055
19 0.282958793640625 0.6155547247916667 0.0740446363169643 0.18932539286842104
19 0.221440076828125 0.6280869378055555 0.06410626002232142 0.21661810624342104
19 0.5171872854218751 0.6751174290972222 0.08220257078125001 0.13956100061842105
