1 0.10715373158593751 0.6831979539722223 0.11461085933035715 0.23359559711842104
1 0.1962309539296875 0.6257434209166667 0.06362078870535715 0.1301864824736842
1 0.40104991197656253 0.48621457418055547 0.0577983515625 0.10610841449999998
1 0.6773833990078125 0.462462001375 0.053493976595982144 0.11030568574342105
5 0.3467730998984375 0.5345337761805555 0.060403687611607144 0.11468690571710526
5 0.152995884421875 0.8185515933611109 0.07269307545758928 0.12265428242763157
19 0.325920081140625 0.9130427890416666 0.116652897421875 0.24714154695394736
19 0.43225957155468747 0.871277915111111 0.10529937062500001 0.2769825584013158
19 0.6960202217109375 0.9291479322638888 0.102152143203125 0.20136903461842107
19 0.7851995945 0.9034487830277776 0.08598586491071428 0.2606040151578947
19 0.9697167873359375 0.9333005693333333 0.08652346474330357 0.1895668029868421
19 0.8645668029765625 0.7821690877361112 0.08956309727678571 0.1879763151513158
19 0.9118680477109375 0.7538260777777778 0.04593072618303572 0.19771312914473685
19 0.63286445140625 0.74150418175 0.092918191640625 0.20180336800657894
19 0.694126296046875 0.7737255944027778 0.06928450720982142 0.13829582615131578
19 0.3559002518671875 0.6471219168888889 0.067163297109375 0.18967323303947367
19 0.20532793998437499 0.7881157345277778 0.09052930559151785 0.1856811121973684
19 0.0669304043046875 0.8584559122638888 0.10895861046875 0.26951149387499995
19 0.30083621740625 0.633762910625 0.07277635165178573 0.18768021432236842
19 0.23952639103125 0.6473887761527778 0.06275987625 0.2154161754473684
19 0.5352043628671874 0.6882421705555556 0.08173138754464285 0.13862457276315787
