7 0.32700766324999997 0.4588146421527778 0.12287613323660715 0.2073653170855263
7 0.329832375046875 0.6217445373611111 0.0959945065625 0.1955979598223684
7 0.33241024017187504 0.7437792671944445 0.09879371098214286 0.17865859582894736
7 0.3640984058359375 1.06756655375 0.062093666618303574 0.18484629580263157
7 0.3371795892734375 1.3850216335694445 0.06686476299107143 0.22040694386842105
7 0.32700766324999997 0.4588146421527778 0.12287613323660715 0.2073653170855263
7 0.329832375046875 0.6217445373611111 0.0959945065625 0.1955979598223684
7 0.33241024017187504 0.7437792671944445 0.09879371098214286 0.17865859582894736
7 0.3640984058359375 1.06756655375 0.062093666618303574 0.18484629580263157
7 0.3371795892734375 1.3850216335694445 0.06686476299107143 0.22040694386842105
18 0.262328505515625 0.2909758249861111 0.17922088078125 0.20347800003947367
18 0.262328505515625 0.2909758249861111 0.17922088078125 0.20347800003947367
