7 0.320730865 0.4522593392222223 0.12293376241071428 0.20747108459210528
7 0.3235437273984375 0.6152179082222222 0.09600383895089286 0.19558151646710525
7 0.3260334014921875 0.7372573004861112 0.09856496537946428 0.17824498227631577
7 0.3576906919453125 1.0606658935555555 0.06190906252232143 0.18418410451973685
7 0.33064317703125 1.3770732031944444 0.06670856475446428 0.2194739492368421
7 0.320730865 0.4522593392222223 0.12293376241071428 0.20747108459210528
7 0.3235437273984375 0.6152179082222222 0.09600383895089286 0.19558151646710525
7 0.3260334014921875 0.7372573004861112 0.09856496537946428 0.17824498227631577
7 0.3576906919453125 1.0606658935555555 0.06190906252232143 0.18418410451973685
7 0.33064317703125 1.3770732031944444 0.06670856475446428 0.2194739492368421
18 0.25591968297656253 0.28381894430555554 0.17929407529017857 0.2037024247105263
18 0.25591968297656253 0.28381894430555554 0.17929407529017857 0.2037024247105263
