7 0.317609250546875 0.44502576193055554 0.12284466198660714 0.2073451393618421
7 0.320375680921875 0.6077081680277778 0.095652852734375 0.1948474080986842
7 0.322948443890625 0.7293641408194445 0.09806350299107143 0.17733728508552632
7 0.35484346151562496 1.0519242604583334 0.061620133258928574 0.18335519088157895
7 0.32782535553125 1.366332202486111 0.06615870339285715 0.2176587958026316
7 0.317609250546875 0.44502576193055554 0.12284466198660714 0.2073451393618421
7 0.320375680921875 0.6077081680277778 0.095652852734375 0.1948474080986842
7 0.322948443890625 0.7293641408194445 0.09806350299107143 0.17733728508552632
7 0.35484346151562496 1.0519242604583334 0.061620133258928574 0.18335519088157895
7 0.32782535553125 1.366332202486111 0.06615870339285715 0.2176587958026316
18 0.252749359609375 0.2762476709166667 0.1789788859263393 0.2032012035986842
18 0.252749359609375 0.2762476709166667 0.1789788859263393 0.2032012035986842
