1 0.1053832024296875 0.6649516847361111 0.11076972314732143 0.22723213999342104
1 0.19448366760937502 0.6073050816944444 0.06354303018973215 0.1301013143486842
1 0.39897059202343754 0.46716522641666663 0.05798588479910714 0.10648649115789474
1 0.67553200721875 0.4425643709027777 0.05372469765625 0.11077935069078947
5 0.3449391126640625 0.5156723022361112 0.060311113080357144 0.11453897575657894
5 0.151508659125 0.8001597510416667 0.07267207758928572 0.12260441026973683
19 0.324529218671875 0.8970233069444444 0.1162868908482143 0.254943646875
19 0.430832612515625 0.8520072513194444 0.10513077463169643 0.276601168993421
19 0.694498753546875 0.9191438039166666 0.10165752683035714 0.22980182044736844
19 0.7835647344609374 0.8828623877638888 0.08593784060267858 0.26048114175
19 0.9683644294765624 0.9220720503055555 0.08707291738839286 0.2170885186381579
19 0.8628925323515626 0.7615180121527778 0.08938734871651786 0.18763202867763157
19 0.9101728916171876 0.7330295562777778 0.04581138065848215 0.19734685798026314
19 0.631313967703125 0.7216051949305555 0.09260879244419642 0.2011861098355263
19 0.6926040411015625 0.753630362611111 0.069224698203125 0.13819270886842105
19 0.3543035030390625 0.6282245635972222 0.06702416283482143 0.18961354306578948
19 0.20385082364062498 0.7697140587777778 0.09043208190848215 0.18555125186842106
19 0.065541777015625 0.8403133392361112 0.10843458345982142 0.2686271667434211
19 0.29920006990625 0.6149915483194445 0.07262764658482143 0.18760444239473684
19 0.237898528578125 0.6288085089861112 0.06252353532366071 0.21519108823026314
19 0.5336420536015625 0.66874194675 0.08150114331473214 0.13821644030921051
