1 0.1006296455859375 0.6858108096666666 0.11712488106026786 0.23834802728289473
1 0.1909226298359375 0.6289497163611111 0.06406119891741072 0.13090637609210526
1 0.3962936878203125 0.4905446794305555 0.05792195456473214 0.10629549528947368
1 0.6725224256484374 0.46844562954166663 0.05426999501116071 0.11153038426973684
5 0.341771078109375 0.5386549207916667 0.06071281433035714 0.11521851388815789
5 0.14728873371875 0.8215769025972222 0.07283842563616072 0.12292050813157894
19 0.32015358209375 0.9149704403333333 0.11708985055803571 0.24166295905263158
19 0.42665386200000005 0.8759301079583334 0.10596261705357143 0.2777840062105263
19 0.6900032281875 0.9318278842500001 0.10366909844866071 0.1937523289736842
19 0.77953586578125 0.9090587615972222 0.08630643572544643 0.25846457230263153
19 0.96426138878125 0.9369603898750001 0.08790847233258928 0.17916520770394737
19 0.8590526103984375 0.7890716552638889 0.08969429561383928 0.18805052103947367
19 0.9063455104843751 0.7610869725555555 0.04621110643973214 0.1974098004868421
19 0.6275291681328125 0.7471933788749999 0.09310974393973215 0.20197527031578946
19 0.6887356758125 0.7797753651944446 0.06930623735491072 0.13828522531578946
19 0.350685966015625 0.6512871212500001 0.06761070660714286 0.19026308561842106
19 0.1997402966015625 0.7914941575694445 0.09102376869419644 0.18643124228289473
19 0.061065296828125004 0.8610332912777778 0.10950868469866071 0.27032077186184206
19 0.295611166953125 0.637517632375 0.07321337291294643 0.18826579044078945
19 0.2342085242265625 0.65086780125 0.063164472578125 0.21579099957236839
19 0.529969596859375 0.6934315999444445 0.08191244943080357 0.13896428159210525
