1 0.099929577109375 0.69099905225 0.11629082475446428 0.23703400460526314
1 0.1900570750234375 0.6342031478888889 0.06411637579241071 0.13100154274342105
1 0.39531309604687503 0.4961416244583333 0.05804518291294643 0.10653853166447368
1 0.671728158 0.474014875625 0.054316725044642855 0.11156664396710526
5 0.3409558415390625 0.5439941194305555 0.06065869331473215 0.11512653953289473
5 0.14636722803125 0.8267217848055556 0.07298847607142857 0.12318564967105262
19 0.31918003559375 0.9176510704999999 0.11718879427455357 0.2340443259868421
19 0.42574802636718745 0.8813881768055555 0.10603247370535715 0.2778907374276316
19 0.6891245841953124 0.934624735513889 0.10380744934151785 0.18580338327631576
19 0.7786563158046875 0.9118996090416667 0.08642326082589287 0.2503905848486842
19 0.9633702278125 0.9399522569444444 0.08771351405133929 0.17066200657894737
19 0.8582241058359376 0.7948670705138888 0.08976636613839285 0.18819013896710526
19 0.905535840984375 0.7669574949444444 0.04636287689732143 0.19772481416447368
19 0.6266732692734375 0.7527108298472223 0.09324645995535714 0.20223800257894733
19 0.6879350185390625 0.7853997548472222 0.06940310341517857 0.1384765223486842
19 0.34984099864843754 0.6566256205277777 0.06768662589285715 0.19036873265131576
19 0.1988136291484375 0.7967530992361112 0.09105137416294642 0.18644979376973683
19 0.06009158789843751 0.8661859300416667 0.10960357530133928 0.27045689632894737
19 0.29475868940625 0.6428684234583333 0.07332764352678571 0.18852804082894734
19 0.2333503007890625 0.6561507542916666 0.06334815706473214 0.21604439585526314
19 0.529156064984375 0.6989300621805555 0.08204405648437499 0.13919521130921053
