1 0.09857231080468751 0.690699937611111 0.11599129438616072 0.23663611160526316
1 0.18865361214062498 0.6340931998333333 0.06419113704241071 0.13112706635526314
1 0.394090271 0.49631131490277774 0.05802590506696429 0.10649871826973684
1 0.6704585313828125 0.47479862637500003 0.05413579940848214 0.11127512078289473
5 0.339666736125 0.54412229325 0.06086134910714286 0.1155002192368421
5 0.14483842253906248 0.8264534420416668 0.07296873841517858 0.12316553216447368
19 0.317647218703125 0.9176328023333334 0.11734172275669642 0.23409624601973683
19 0.424258506296875 0.8817065768888889 0.10618594714285715 0.27808588932236844
19 0.68752400875 0.9349876827777777 0.10386977877232142 0.1847718489868421
19 0.777075791359375 0.9123346964583334 0.08659246989955358 0.24915402061184208
19 0.9617549419375001 0.9405780368333333 0.08773517608258928 0.16888347424342107
19 0.85672683715625 0.7959406534722221 0.08980369568080357 0.18820423326315788
19 0.904012775421875 0.7681128607916666 0.04642922537946429 0.19776161595394737
19 0.6252228736875 0.7534426583194443 0.09334809439732142 0.20236954940131577
19 0.6864274025 0.7861503601111111 0.06951481955357143 0.13867107191447367
19 0.3484732151015625 0.6567183388472222 0.06779895510044644 0.1904198696644737
19 0.1973501145859375 0.7965717315694445 0.09116937433035714 0.1866713272894737
19 0.0585307940859375 0.8657606760694444 0.109841678828125 0.27084659776973685
19 0.29339177608593753 0.6428463618055557 0.07338224138392857 0.18845413610526315
19 0.2319521784765625 0.6560877694027778 0.06334260532366072 0.21582442835526316
19 0.5277312755546875 0.6994322458888889 0.0820431028125 0.1392029210131579
