1 0.09584980010937501 0.6910410775138889 0.11653695787946429 0.23768722132894735
1 0.186000567671875 0.6348058700555554 0.06442974294642857 0.13156085767105263
1 0.3918642759296875 0.497801441625 0.05805512837053572 0.10652829221052632
1 0.6681038856484375 0.47741741604166665 0.05500657217633929 0.11268780357236842
5 0.33721919059375 0.5453802320694444 0.06094012941964285 0.11561339528289473
5 0.14192690253125 0.82713834975 0.07320599896205357 0.12359065006578947
19 0.314719939234375 0.9181259155277777 0.11773341042410713 0.23269476639473685
19 0.421416664125 0.8832672119166666 0.10658591133928572 0.2785053453947368
19 0.6846179246874999 0.9362295786527778 0.10421569006696428 0.18124225014473683
19 0.77423608303125 0.9138050079305556 0.08674410411830358 0.2449752405986842
19 0.9588104724921875 0.9424068874722222 0.08780275072544642 0.16368568821710525
19 0.8539803028125 0.799274614125 0.08993162427455358 0.18833072060526315
19 0.9012895107265624 0.77161220975 0.04656423841517857 0.1977223446513158
19 0.6225692749062499 0.7558540768055555 0.09343664986607143 0.20241430182236841
19 0.683746171 0.7888029310416667 0.06960943766741072 0.138808401
19 0.3459205865859375 0.6581244574722223 0.06794561658482143 0.19060652883552628
19 0.1944891810390625 0.7973793877500001 0.09140583447544644 0.18701332494078945
19 0.0555471971640625 0.8660487280833333 0.11034631728794643 0.27148843061842104
19 0.290823829171875 0.643958875875 0.07360202925223214 0.1888328150723684
19 0.22933835983593748 0.6569901996249999 0.06376409530133928 0.2163962715592105
19 0.525165557859375 0.7015027364027778 0.08227852412946428 0.13963936253289475
