1 0.088246932625 0.6815236197500001 0.10869778053571429 0.22260643807894734
1 0.1800596416015625 0.6295924292638889 0.06527078151785715 0.1327560424736842
1 0.38861088753125 0.49175264569444443 0.053153855457589286 0.09760129827631579
1 0.6616119384765625 0.47779742347222226 0.0629163469642857 0.1269076899473684
5 0.3316794991484375 0.5425041834444444 0.06184397425223214 0.117208039125
5 0.135206931828125 0.8219318813750001 0.07376188891741071 0.12458423814473683
19 0.3077675819375 0.9162857903333333 0.11867809295758928 0.237924595875
19 0.4146723985703125 0.8812176174583333 0.10765259606026786 0.2798718904144737
19 0.677619552609375 0.9364316728333334 0.10493946075892857 0.18066787719078947
19 0.7673194646796875 0.9145973629444444 0.08755704334821428 0.2427232842631579
19 0.9515405654921875 0.9441654629166667 0.08839770725446429 0.1586876317105263
19 0.8474289417265626 0.802007505625 0.0903479712388393 0.18885196886842104
19 0.8948091506953124 0.7749509175555556 0.04720905849330358 0.1978013691118421
19 0.6163007974609375 0.7560373730138888 0.09388875960937501 0.20292428668421053
19 0.677374625203125 0.7897009531666667 0.06998300552455357 0.13939445897368422
19 0.33992996215625004 0.6552394231249999 0.06869718006696428 0.19154596831578946
19 0.18796390295312498 0.7927661895694443 0.09213001387276785 0.18811352378289473
19 0.0485291056328125 0.8601616753472222 0.11094102689732142 0.27169767680921053
19 0.284885752203125 0.6404451794027778 0.07430754389508928 0.1896591387236842
19 0.22330754995312502 0.6527589798055555 0.064408881328125 0.2170946020855263
19 0.519081354140625 0.7006710476388889 0.08258628844866071 0.14022891396710527
