1 0.10549151003124999 0.6728108935972222 0.111560404296875 0.22844906857894734
1 0.1945896983125 0.6151043362083333 0.06368204525669643 0.13027062667105263
1 0.3991629004453125 0.4754639307638889 0.05797021729910714 0.10643240275657893
1 0.6756520748125 0.45140137143055564 0.053274835859374994 0.10991152713157895
5 0.3451043128984375 0.5238446553472221 0.06037126268973214 0.11464028609210525
5 0.1514026582265625 0.8079798380555556 0.07280657972098215 0.12283534000657895
19 0.3243742346796875 0.9052801344166665 0.116534880234375 0.25535262258552627
19 0.43071988821093754 0.8603992885972221 0.10534753118303572 0.2768405311973684
19 0.6944201231015625 0.9236135694722224 0.10183409282366072 0.21709827623684208
19 0.783512067796875 0.8920917087222222 0.08589567456473214 0.2602853875460526
19 0.9682379245781251 0.927549531736111 0.087176867890625 0.20591185721052632
19 0.8629224300390625 0.7707396189444444 0.08942944662946428 0.18769599513157895
19 0.9101343154921875 0.7423853768333334 0.04580034529017857 0.19726379796710525
19 0.6312451839453125 0.730426216125 0.09273433685267858 0.20146630940131577
19 0.6925172567343749 0.7626115163194445 0.069201128828125 0.1381283810328947
19 0.3542998790703125 0.6364865620972222 0.067041192734375 0.18951150994736843
19 0.203777605296875 0.77762264675 0.09051995618303572 0.18562678286842105
19 0.06536899507031249 0.8480623457222223 0.10862334285714285 0.2688782139868421
19 0.299217367171875 0.6231292936527777 0.07277311597098214 0.1878216994342105
19 0.237903654578125 0.6368243959166666 0.06262244496651785 0.21523800899999998
19 0.53364732265625 0.677321582375 0.08154494421875 0.13829751266447368
