1 0.0860979527265625 0.6844785266388889 0.10878106525669642 0.222811106625
1 0.1778760790859375 0.6331835216944444 0.06613421439732144 0.13428792451973684
1 0.38971956967968746 0.48872225019444443 0.051498992098214284 0.09423721715131579
1 0.6588974952734376 0.48119224972222224 0.06669889177455357 0.13425672430263158
5 0.329861307140625 0.5466521792916665 0.062004906785714284 0.11750829596052631
5 0.13312177657812502 0.8258579254166667 0.07379184450892858 0.12465519151973684
19 0.30567351579687496 0.9183653089722222 0.11879263604910714 0.23201438502631577
19 0.4126282334296875 0.8855786641388889 0.10778246607142858 0.2801622089605263
19 0.6755429267890625 0.9387603335972222 0.10495758056919643 0.17404957821710526
19 0.765249753 0.9169598897361111 0.08758183888392856 0.23600873445394738
19 0.9494160175312499 0.9466107686249999 0.08843653542410713 0.15173781544736842
19 0.8454122543359375 0.8068333095972223 0.09048543657366072 0.1890662745394737
19 0.892755079265625 0.7798819224027778 0.04722390856026786 0.19789737901973684
19 0.6143327236171875 0.7605674531805555 0.09408732822544642 0.20325893603289472
19 0.6753577947578125 0.7943303426111111 0.07011216027901786 0.13954636423026315
19 0.337950277328125 0.65966593425 0.06856652668526786 0.1906118292631579
19 0.1859213411796875 0.7968029869861111 0.09223568439732142 0.18829397903289471
19 0.0464265376328125 0.8640199025555556 0.11111618791294643 0.27196835970394734
19 0.28294725417968747 0.644511201638889 0.07431064333705358 0.18966461984210525
19 0.22134509682812503 0.6567697736944444 0.064595818515625 0.2173532987960526
19 0.5171700954453124 0.7050405290277778 0.08275304522321428 0.14052368966447368
