1 0.08548798859375 0.6855685551944445 0.11051756995535714 0.2256452660723684
1 0.1774253964453125 0.6353210661111112 0.06598401069196429 0.13409807305263158
1 0.38911294937499996 0.4895680745416667 0.05341829572544643 0.09763942517763158
1 0.658213591578125 0.48312882316666667 0.06745440619419643 0.13572777195394736
5 0.32939846515625 0.5486250135694445 0.062088762008928565 0.1176329763355263
5 0.13266738057031252 0.8278631846111111 0.07375981126116071 0.12459134553947368
19 0.3052631497421875 0.9193050384583333 0.11890448842633929 0.22934357492763158
19 0.4121948480625 0.887503475611111 0.10793488366071428 0.2805501034342105
19 0.6751625061015625 0.9397351159027778 0.10504599979910714 0.17127914429605262
19 0.764882922171875 0.9179878658611111 0.087511675703125 0.23308711803947368
19 0.949015760421875 0.9476465861111112 0.08838939666294643 0.1487939131973684
19 0.8449963569609376 0.808848444611111 0.09046173095982143 0.18901869120394735
19 0.8923628330234376 0.7818622165277778 0.04726968493303572 0.19804880242105263
19 0.6139454126328124 0.7625634087500001 0.09405647005580357 0.20320996736842104
19 0.67496144771875 0.7963296678333333 0.07010112489955357 0.13953600432236843
19 0.337402534484375 0.6618871476944445 0.06831169128348215 0.18972461098026316
19 0.18547925949218752 0.7986953311388889 0.09222412109375 0.1882698862105263
19 0.0459710277578125 0.8659476810000001 0.11117679732142857 0.27215194701315787
19 0.2825198292734375 0.6464568244166666 0.07443615368303572 0.18987988924342103
19 0.22090644240625 0.6587320751666667 0.0646429232142857 0.21730770311842104
19 0.5167560815781249 0.7069840113333334 0.08268526622767858 0.14040774296052633
