1 0.08817931711718749 0.6782816780833334 0.1467029878125 0.28934536983552633
1 0.1817416608359375 0.6398851606527779 0.06566703319196429 0.13383238942105263
1 0.3920252323125 0.4964955647777778 0.05563804081473215 0.10188265348026315
1 0.6628552436796875 0.48638144598611105 0.06573990412946429 0.1315998278092105
5 0.3338620066640625 0.5525204340555555 0.061871153973214285 0.11724393744078947
5 0.13734288811718748 0.8316140492638889 0.07373086043526786 0.12454966494078948
19 0.3097613692265625 0.9211801740972222 0.11887717246651786 0.22401424207894738
19 0.4166641950625 0.8912032657083333 0.10768542970982142 0.27978479484868424
19 0.67958550453125 0.9416213141527777 0.104979515078125 0.16591837030263157
19 0.7693042993515624 0.9199116600833332 0.08728538241071428 0.22761949237499998
19 0.9535673141484375 0.9493952857083333 0.08862740652901786 0.14382392480921052
19 0.8494234085078125 0.8124101426805556 0.09027808053571429 0.1886740433486842
19 0.8967680454218749 0.7853871239583333 0.047092573984375 0.19731529638157894
19 0.6183348655703125 0.7662077162083334 0.09382288796875 0.2027025724736842
19 0.6793926954296875 0.7999972449444446 0.06986420495535714 0.1392224362105263
19 0.341331064703125 0.6665820863472223 0.06788420677455358 0.18727587649342103
19 0.1901055574453125 0.8025160047777777 0.09223781313616072 0.1882449501513158
19 0.050739149750000004 0.8695704142222223 0.11100041866071429 0.27206244217105263
19 0.2870514392890625 0.6502859539444444 0.07421718324776785 0.18948518853947366
19 0.225520956515625 0.6626061121666666 0.06436623845982144 0.21693522805263157
19 0.5211301088359375 0.7107529110416666 0.08257913589285715 0.14022036100657895
