1 0.0939709484609375 0.6830817540416667 0.15196784905133928 0.29562709205921056
1 0.183870565890625 0.6419580459583334 0.06551446233258928 0.13357393365789474
1 0.39423429965625 0.4956081814166667 0.055905682700892856 0.10230897601973685
1 0.664863276484375 0.48775874243055556 0.06558316094866071 0.13125861317763157
5 0.33589065075 0.554304695125 0.06166212899553571 0.11687134190131578
5 0.1394772291171875 0.8336021847222223 0.07379375185267857 0.12466001009210526
19 0.31188864707812497 0.9220873090972223 0.11882611683035714 0.22143606888157893
19 0.418773257734375 0.8928808424305554 0.107647248671875 0.27982081363815786
19 0.681756949421875 0.9423255920416668 0.10486051014508928 0.16391673840789472
19 0.7714872360234375 0.9205659654444445 0.08726855686383929 0.22575988770394737
19 0.9558310985546875 0.9499354044583334 0.08858530861607142 0.1422888504868421
19 0.851553678515625 0.8136357625277777 0.09044034140625 0.18898990028289472
19 0.898941516875 0.7865271674305556 0.04716845920758928 0.19757296914473682
19 0.6203893661484374 0.7676095750694445 0.09375136238839286 0.20268643028289474
19 0.68146653175 0.8013155195555555 0.06948212215401786 0.13849868775
19 0.343513321875 0.66866493225 0.06834200450892856 0.18822097778289473
19 0.1922384381328125 0.8044821845138889 0.09208757536830357 0.18796330501973682
19 0.05288799703125 0.8717708163888888 0.11092696020089286 0.27178730212499996
19 0.2891171216953125 0.6521091037361112 0.074137006484375 0.18931322599342107
19 0.2275887608515625 0.6645470725138889 0.06444641522321429 0.21712616368421053
19 0.5231648921953125 0.7122067133611111 0.0825971875892857 0.14025439211842106
