1 0.0961548745625 0.6914445665138889 0.14638875212053573 0.2846364874539474
1 0.1838525056875 0.6480932871388889 0.06530836650669643 0.13323777850657895
1 0.394949603078125 0.5036461936111111 0.05775213241071429 0.10595428065789474
1 0.6648413896562501 0.49381531609722223 0.06546040944196428 0.1309470327236842
5 0.33581113815624997 0.5601650661944445 0.06161914552455357 0.11679587113815788
5 0.1393843054765625 0.8396122402638888 0.07359634127232142 0.12430162932236842
19 0.3117680788046875 0.9251602596666667 0.11886085782366072 0.212702419875
19 0.418697786328125 0.8990442911805556 0.10771438053571428 0.2799215216447368
19 0.68172531128125 0.9453928629444445 0.10494913373883928 0.15519923159210525
19 0.771508622171875 0.923678037861111 0.087082386015625 0.21691505030921052
19 0.95584955215625 0.9531135559027777 0.0883699144642857 0.13325620951973682
19 0.8515861034375 0.8197238922083332 0.09048366546875 0.18908253720394738
19 0.8989593505859375 0.7926578521666667 0.04713140215401786 0.19739673011842104
19 0.620351076125 0.7737263997361111 0.093806130546875 0.20278858385526316
19 0.6814433813125 0.8074591742638889 0.06952810287946429 0.13859638415131578
19 0.3429969668359375 0.6743090947361111 0.06692576408482143 0.18583910088157893
19 0.1921216607109375 0.810502582125 0.09214227540178573 0.18808003476315788
19 0.052808508273437506 0.8776887681805555 0.11136029447544642 0.27262886449342105
19 0.2889956235859375 0.6580900404166666 0.07425873620535714 0.18951126901973683
19 0.2274787545234375 0.6705133861944444 0.06443074771205357 0.21698630482894735
19 0.523135256765625 0.7183565563611112 0.08255474908482142 0.14017428347368419
