1 0.1072296798203125 0.6812046050972222 0.11263501643973214 0.230256211125
1 0.19618489146093748 0.6237035115555555 0.06363645621651785 0.1302087081118421
1 0.40098636150000005 0.4839969635 0.057866709575892857 0.10622237356578948
1 0.677244710921875 0.46018746694444446 0.05346720559151786 0.1102331663486842
5 0.3466689467421875 0.5324273215416666 0.060356787276785714 0.11459312439473684
5 0.1529440760625 0.8164901309583333 0.07258289200892856 0.1224425064868421
19 0.3258579969375 0.9120095147083334 0.11660684858258928 0.25007822137499996
19 0.43218256235156255 0.8691610548194444 0.10530482020089285 0.27702797336842105
19 0.695919513703125 0.9280697716666667 0.10201399667410714 0.20443328054605261
19 0.7850962638828125 0.9011464013055556 0.08597101484375 0.2605534202171052
19 0.9696610927578124 0.9321003807916668 0.08668259212053572 0.19297786511842105
19 0.8644450187656251 0.7797827826666667 0.08947127206473214 0.18780453331578947
19 0.911744976046875 0.7514724307638889 0.045944758828125 0.19753887779605261
19 0.6327456951171875 0.7392806794861111 0.09277915954241071 0.20157581127631577
19 0.693983745578125 0.7715603298611111 0.06933620997767857 0.13833666349342105
19 0.35581543445312497 0.645030127625 0.06711980274553571 0.18963823819736841
19 0.205212616921875 0.7860909779861112 0.09048870631696428 0.18558763201973685
19 0.0668696850546875 0.8564531962083333 0.10887483188616072 0.26934477153947367
19 0.3007380604765625 0.6316555870972221 0.07285005705357142 0.18783103541447366
19 0.2394254326796875 0.6453201717916667 0.06274655887276785 0.2153478120592105
19 0.5350932598125 0.6860542085416667 0.08174651010044642 0.13864679838157892
