1 0.096017104390625 0.6931806776249999 0.14486549581473215 0.2820653011973684
1 0.18405580520312498 0.6495523452777778 0.06511511121651785 0.13285705164473682
1 0.395003628734375 0.5056154251111111 0.05734382357142857 0.10525209526973685
1 0.6650336742421875 0.4953346464444444 0.06548513685267857 0.1309953990789474
5 0.3359882473984375 0.5616930007916667 0.06174731254464285 0.11702107880921053
5 0.139548587796875 0.8411538865833332 0.07369228771205358 0.12447365208552631
19 0.31193467378906253 0.9259189605694444 0.11884202275669643 0.21054611206578946
19 0.418884849546875 0.9005995008611111 0.10768617902901786 0.27988682796710523
19 0.681914448734375 0.9461672464999998 0.10494852065848215 0.15299835205263157
19 0.771710252765625 0.9244264390694444 0.08708667755580357 0.21478801525657895
19 0.9560575962031249 0.95382266575 0.08851609910714286 0.13124084473026315
19 0.851796388625 0.8212596469444444 0.09043243953125 0.18901375217763156
19 0.8991588115703125 0.7941783057222223 0.047043255401785715 0.19723699468421052
19 0.620536708828125 0.7752229054722223 0.09386825561383928 0.20288652118421052
19 0.6816460371015625 0.8090013292083333 0.06953246253348214 0.13859807064473684
19 0.34323687553125 0.6756759219722223 0.06719323566964286 0.186081775875
19 0.1923081755625 0.8120071834861111 0.09208709852678572 0.1879930596513158
19 0.053012730179687495 0.8791981591111112 0.11135104724330357 0.27254417820394733
19 0.2891633748984375 0.6595966339027778 0.07420900889508929 0.18946537217763157
19 0.22765369415625 0.6719746695555555 0.06441606794642857 0.21698437740789472
19 0.5233035087578125 0.7198435889444444 0.08255658830357142 0.14017795764473684
