1 0.0924934118984375 0.6799407323194445 0.137461057734375 0.27009231165789477
1 0.1829081833359375 0.6358773549444444 0.06521270956473214 0.13288939626315788
1 0.3926176071171875 0.49384333291666666 0.061377661573660716 0.11228677849342104
1 0.6637000799140625 0.4815435833333333 0.06545564106026786 0.1308090410723684
5 0.3347517013515625 0.5482108857916667 0.06145790645089285 0.11649971009210526
5 0.13840838075 0.827634133236111 0.07370078563616071 0.12450220207894737
19 0.3108412742578125 0.9190497504444444 0.11885540825892857 0.23006913035526316
19 0.41769651174218747 0.8867278628888889 0.10759234428571429 0.2796089172434211
19 0.680686736109375 0.9391478220555556 0.10488026483258929 0.17294829519078947
19 0.7703738212578125 0.9174203660694443 0.08700697762276786 0.23470001220394737
19 0.9545788764921875 0.9467093997638888 0.08846228463169643 0.15145749544736842
19 0.8504309177421876 0.807131491763889 0.09012126922991072 0.1884064925328947
19 0.897726106640625 0.7800121519305555 0.046827725 0.19673749020394735
19 0.6192611694375 0.76137394375 0.09367207118303571 0.20253332036842106
19 0.680381965640625 0.7950373331805556 0.06954806191964286 0.13863228246710524
19 0.34260129928906247 0.6615295410138889 0.06804949896205358 0.18683431525657895
19 0.191117000578125 0.7984877692361111 0.09199278695312499 0.18786066959210526
19 0.051813690367187505 0.8657803853472221 0.11084505489955357 0.27164852745394735
19 0.2879182457890625 0.6461076948333333 0.07420761244419642 0.18944224306578947
19 0.2264429092421875 0.6585082795833332 0.06430196762276787 0.2167232111842105
19 0.5220474004765625 0.7060381995277778 0.08245706558035715 0.14001509013157895
