7 0.3468545794453125 0.4821223365 0.12212906564732143 0.2060973719605263
7 0.3499591946640625 0.6437280019027778 0.09529703004464285 0.19426707217105263
7 0.35264542103125 0.7648841645972223 0.09841258185267857 0.17798773113157895
7 0.38435854911718753 1.0872410668194445 0.06184319087053571 0.18453911228289474
7 0.3580653786640625 1.4052484724305554 0.06728918212053571 0.22184155113157894
7 0.3468545794453125 0.4821223365 0.12212906564732143 0.2060973719605263
7 0.3499591946640625 0.6437280019027778 0.09529703004464285 0.19426707217105263
7 0.35264542103125 0.7648841645972223 0.09841258185267857 0.17798773113157895
7 0.38435854911718753 1.0872410668194445 0.06184319087053571 0.18453911228289474
7 0.3580653786640625 1.4052484724305554 0.06728918212053571 0.22184155113157894
18 0.282888269421875 0.31825900608333335 0.17725454058035714 0.20084826821052632
18 0.282888269421875 0.31825900608333335 0.17725454058035714 0.20084826821052632
