7 0.346286726 0.4756399790416667 0.12265627724330357 0.2069614611118421
7 0.3491944551484375 0.6381368213333333 0.09587703431919643 0.19538166649342106
7 0.35179170370312496 0.7599431143888888 0.09893454823660715 0.17892060530921053
7 0.3831260800390625 1.0840265062222223 0.06217626162946428 0.1852000989473684
7 0.35633529425 1.4031238132083335 0.06768073354910714 0.2229236803618421
7 0.346286726 0.4756399790416667 0.12265627724330357 0.2069614611118421
7 0.3491944551484375 0.6381368213333333 0.09587703431919643 0.19538166649342106
7 0.35179170370312496 0.7599431143888888 0.09893454823660715 0.17892060530921053
7 0.3831260800390625 1.0840265062222223 0.06217626162946428 0.1852000989473684
7 0.35633529425 1.4031238132083335 0.06768073354910714 0.2229236803618421
18 0.28208806514843754 0.30986753038888887 0.17836781910714286 0.2019506052828947
18 0.28208806514843754 0.30986753038888887 0.17836781910714286 0.2019506052828947
