1 0.1030924648046875 0.6793432023749999 0.11953303643973213 0.2421255412894737
1 0.1934975266484375 0.6221201790694445 0.06380309377232143 0.130452949125
1 0.39853048324218754 0.483090146375 0.057704380580357144 0.10592874225
1 0.674744224546875 0.46000754038888897 0.05361134665178572 0.11037736190131578
5 0.344126093390625 0.5314226362361111 0.06058655466517857 0.11501950715131579
5 0.1500147879140625 0.8146148257777779 0.07336005142857142 0.12385820088157894
19 0.32294456958593754 0.9114008585555555 0.11676556723214285 0.2518080861907895
19 0.4293609738359375 0.8683106316527778 0.10554623603794643 0.2771703619736842
19 0.6930127382265625 0.927944776736111 0.10214757919642857 0.2047885292368421
19 0.7822095394140625 0.9012452443472221 0.08606488363839285 0.2605960645263158
19 0.966937208171875 0.9323870764861111 0.08758013589285715 0.1921630457763158
19 0.861645460125 0.7801480187361111 0.08938639504464285 0.18755794324342104
19 0.9089480400078125 0.7520032246944444 0.04612949916294643 0.19760694001973683
19 0.6300316095390625 0.7390306260833334 0.09294026238839286 0.20175596538157894
19 0.6913020133984376 0.7714062584722222 0.06938961573660714 0.13847965440789473
19 0.3531691789609375 0.6440049065416666 0.06737027849330357 0.18988097340789475
19 0.2024376273125 0.7846407148611111 0.09080699512276787 0.1861082779736842
19 0.063906216625 0.8546007792083333 0.10920245306919643 0.26985578034868424
19 0.29810420275 0.6304893493611111 0.07305659566964286 0.18815845689473684
19 0.23672968149218748 0.6439605077083334 0.06296379225446429 0.2155774769013158
19 0.5324483156171875 0.6855730480555555 0.081799847734375 0.13875666165789471
