7 0.3251727461796875 0.4433057149305556 0.12187484332589285 0.20564370406578947
7 0.3279286503828125 0.6052449968055555 0.09494451113839286 0.19335708617763156
7 0.3303824067109375 0.7262309816111111 0.09727113587053571 0.17590888174342104
7 0.3619133710859375 1.0469036102361111 0.061393192834821426 0.18240424709210526
7 0.3350581049921875 1.3592313554583333 0.065521274296875 0.21567475168421052
7 0.3251727461796875 0.4433057149305556 0.12187484332589285 0.20564370406578947
7 0.3279286503828125 0.6052449968055555 0.09494451113839286 0.19335708617763156
7 0.3303824067109375 0.7262309816111111 0.09727113587053571 0.17590888174342104
7 0.3619133710859375 1.0469036102361111 0.061393192834821426 0.18240424709210526
7 0.3350581049921875 1.3592313554583333 0.065521274296875 0.21567475168421052
18 0.26102539896875 0.2766178978888889 0.17746027878348217 0.20155316403947368
18 0.26102539896875 0.2766178978888889 0.17746027878348217 0.20155316403947368
