7 0.3023490071328125 0.4481984668194444 0.12190011569196428 0.20587312798026317
7 0.30443493128125 0.6090967602222223 0.09489553315848213 0.19294299075
7 0.30633666515625 0.7294678794027778 0.09674753462053572 0.17491384807894736
7 0.3364723682421875 1.0479963090694444 0.06128699438616071 0.18123767249999997
7 0.3084621787109375 1.3581036461805556 0.06557529313616071 0.21421544928947367
7 0.3023490071328125 0.4481984668194444 0.12190011569196428 0.20587312798026317
7 0.30443493128125 0.6090967602222223 0.09489553315848213 0.19294299075
7 0.30633666515625 0.7294678794027778 0.09674753462053572 0.17491384807894736
7 0.3364723682421875 1.0479963090694444 0.06128699438616071 0.18123767249999997
7 0.3084621787109375 1.3581036461805556 0.06557529313616071 0.21421544928947367
18 0.23924319148437498 0.28124803966666667 0.17817505767857142 0.20550267069078948
18 0.23924319148437498 0.28124803966666667 0.17817505767857142 0.20550267069078948
