7 0.27821120023437496 0.4319838417916667 0.12244759286830356 0.20682925174342104
7 0.280337202546875 0.5936461342777778 0.09523694856026786 0.1935961472368421
7 0.28241002559375 0.7144184960277777 0.09703840527901786 0.17543057893421052
7 0.313711845875 1.0336719089027777 0.061457668035714286 0.1814194528618421
7 0.28540298939062503 1.343135452263889 0.06526170457589285 0.2134119535657895
7 0.27821120023437496 0.4319838417916667 0.12244759286830356 0.20682925174342104
7 0.280337202546875 0.5936461342777778 0.09523694856026786 0.1935961472368421
7 0.28241002559375 0.7144184960277777 0.09703840527901786 0.17543057893421052
7 0.313711845875 1.0336719089027777 0.061457668035714286 0.1814194528618421
7 0.28540298939062503 1.343135452263889 0.06526170457589285 0.2134119535657895
18 0.21362166404687502 0.2622590700833334 0.17966863087053572 0.20774282155263157
18 0.21362166404687502 0.2622590700833334 0.17966863087053572 0.20774282155263157
