7 0.2694693565390625 0.4186254607361111 0.12277112688616072 0.20727517981578947
7 0.2721917152421875 0.5816564348055556 0.0955415453236607 0.19441187005263158
7 0.2745768070234375 0.7033491558472222 0.09662716728794643 0.17473628396052632
7 0.308207273484375 1.0241657257083332 0.061707428526785714 0.18273359599342104
7 0.28017598390625 1.3349828084305555 0.06481650897321428 0.21363348710526314
7 0.2694693565390625 0.4186254607361111 0.12277112688616072 0.20727517981578947
7 0.2721917152421875 0.5816564348055556 0.0955415453236607 0.19441187005263158
7 0.2745768070234375 0.7033491558472222 0.09662716728794643 0.17473628396052632
7 0.308207273484375 1.0241657257083332 0.061707428526785714 0.18273359599342104
7 0.28017598390625 1.3349828084305555 0.06481650897321428 0.21363348710526314
18 0.20278072953124998 0.24651335080555556 0.18006881646205358 0.20710461767763155
18 0.20278072953124998 0.24651335080555556 0.18006881646205358 0.20710461767763155
