7 0.27155991792968753 0.41532719929166667 0.12289295877232143 0.20745367752631577
7 0.27438141107812497 0.5787247127916667 0.09576439857142857 0.19490456832236844
7 0.276903474328125 0.7006522920416667 0.09667331831473214 0.17483229386842106
7 0.3107367873203125 1.022063827513889 0.06159458841517857 0.18260084453289474
7 0.2829646110546875 1.3332122802638888 0.06489467620535715 0.21392356470394738
7 0.27155991792968753 0.41532719929166667 0.12289295877232143 0.20745367752631577
7 0.27438141107812497 0.5787247127916667 0.09576439857142857 0.19490456832236844
7 0.276903474328125 0.7006522920416667 0.09667331831473214 0.17483229386842106
7 0.3107367873203125 1.022063827513889 0.06159458841517857 0.18260084453289474
7 0.2829646110546875 1.3332122802638888 0.06489467620535715 0.21392356470394738
18 0.20463087558593748 0.24286329481944446 0.18025439126116072 0.20690990248026314
18 0.20463087558593748 0.24286329481944446 0.18025439126116072 0.20690990248026314
