7 0.2908517479921875 0.4071585761111111 0.12393982070312501 0.20924449719078947
7 0.2934179782890625 0.5712921778333333 0.09620230537946428 0.19575799640131578
7 0.29593805075 0.693836784375 0.09739838328124999 0.17611909164473685
7 0.3275748133671875 1.016523064513889 0.06167885235491072 0.1824477346381579
7 0.30034649371875 1.3279565599166667 0.064873422890625 0.21352241917105264
7 0.2908517479921875 0.4071585761111111 0.12393982070312501 0.20924449719078947
7 0.2934179782890625 0.5712921778333333 0.09620230537946428 0.19575799640131578
7 0.29593805075 0.693836784375 0.09739838328124999 0.17611909164473685
7 0.3275748133671875 1.016523064513889 0.06167885235491072 0.1824477346381579
7 0.30034649371875 1.3279565599166667 0.064873422890625 0.21352241917105264
18 0.2254399418828125 0.2337021244861111 0.1817015579799107 0.20840150431578947
18 0.2254399418828125 0.2337021244861111 0.1817015579799107 0.20840150431578947
