7 0.31350846290625 0.3820484373333334 0.1268193381138393 0.21414780868421052
7 0.3155016064609375 0.5489286846527778 0.09792631013392858 0.19920700474342104
7 0.31788710355468747 0.6732043584166667 0.09961806024553573 0.18010404485526316
7 0.34694390296875 1.001096386375 0.06247309275669643 0.18388402837499998
7 0.3194973111171875 1.3141409979861112 0.06531732422991071 0.2142100283881579
7 0.31350846290625 0.3820484373333334 0.1268193381138393 0.21414780868421052
7 0.3155016064609375 0.5489286846527778 0.09792631013392858 0.19920700474342104
7 0.31788710355468747 0.6732043584166667 0.09961806024553573 0.18010404485526316
7 0.34694390296875 1.001096386375 0.06247309275669643 0.18388402837499998
7 0.3194973111171875 1.3141409979861112 0.06531732422991071 0.2142100283881579
18 0.24911939501562502 0.20358612802777776 0.18650329112723216 0.21425148311842104
18 0.24911939501562502 0.20358612802777776 0.18650329112723216 0.21425148311842104
