7 0.316855967046875 0.37113193936111105 0.12813809939732143 0.21639765688815787
7 0.3188015222578125 0.5394289652500001 0.09896877833705357 0.2012848301842105
7 0.321047294140625 0.6646251890416667 0.10044625827008928 0.18159346330263157
7 0.34961079359374997 0.9945854186944445 0.06264233589285714 0.18454043739473683
7 0.3218922376640625 1.3088678571805554 0.06570945467633929 0.21511531628289474
7 0.316855967046875 0.37113193936111105 0.12813809939732143 0.21639765688815787
7 0.3188015222578125 0.5394289652500001 0.09896877833705357 0.2012848301842105
7 0.321047294140625 0.6646251890416667 0.10044625827008928 0.18159346330263157
7 0.34961079359374997 0.9945854186944445 0.06264233589285714 0.18454043739473683
7 0.3218922376640625 1.3088678571805554 0.06570945467633929 0.21511531628289474
18 0.2522821486015625 0.19003789690277778 0.18827879428571428 0.21609113593421053
18 0.2522821486015625 0.19003789690277778 0.18827879428571428 0.21609113593421053
