7 0.319332802296875 0.35826741323611105 0.12965015002232144 0.21897790807894735
7 0.321151196953125 0.5281659444305555 0.09963100296875001 0.20266908345394735
7 0.32331161499218747 0.6543081919444445 0.101583208359375 0.18362984909210528
7 0.35152390003125 0.9867760128472223 0.06334597724330357 0.18592444971710526
7 0.32347075939062503 1.3022580888472222 0.06623526982142856 0.21620985331578946
7 0.319332802296875 0.35826741323611105 0.12965015002232144 0.21897790807894735
7 0.321151196953125 0.5281659444305555 0.09963100296875001 0.20266908345394735
7 0.32331161499218747 0.6543081919444445 0.101583208359375 0.18362984909210528
7 0.35152390003125 0.9867760128472223 0.06334597724330357 0.18592444971710526
7 0.32347075939062503 1.3022580888472222 0.06623526982142856 0.21620985331578946
18 0.2545441150703125 0.1742759439722222 0.19046851566964285 0.21890742151973683
18 0.2545441150703125 0.1742759439722222 0.19046851566964285 0.21890742151973683
