1 0.11367309689843749 1.1767097049305555 0.1186278717857143 0.3884265698881579
1 0.212791293859375 1.132815424611111 0.10079480920758929 0.38291124043421054
1 0.25451657771875 1.076532194361111 0.0929711205580357 0.3573687503289474
1 0.044418463109375 1.2742811838750001 0.10000346388392857 0.5595735650328947
1 0.11367309689843749 1.1767097049305555 0.1186278717857143 0.3884265698881579
1 0.212791293859375 1.132815424611111 0.10079480920758929 0.38291124043421054
1 0.25451657771875 1.076532194361111 0.0929711205580357 0.3573687503289474
1 0.044418463109375 1.2742811838750001 0.10000346388392857 0.5595735650328947
5 0.174905860421875 0.6933039135416666 0.3285098075892857 0.37844918903289476
5 0.174905860421875 0.6933039135416666 0.3285098075892857 0.37844918903289476
