1 0.2584542632109375 1.1540662129722221 0.11565477507812501 0.3779159545855263
1 0.35440031289843754 1.1148178100555557 0.09984128815848214 0.3801732113486842
1 0.3956612825390625 1.0597429063472223 0.09303685597098214 0.35804949307894735
1 0.1930126726640625 1.2454475826666669 0.10277569293526786 0.5400133233355263
1 0.2584542632109375 1.1540662129722221 0.11565477507812501 0.3779159545855263
1 0.35440031289843754 1.1148178100555557 0.09984128815848214 0.3801732113486842
1 0.3956612825390625 1.0597429063472223 0.09303685597098214 0.35804949307894735
1 0.1930126726640625 1.2454475826666669 0.10277569293526786 0.5400133233355263
5 0.30347994565624997 0.6770973629444444 0.3263073308147321 0.3830815767039473
5 0.3034623265234375 0.6771752463472223 0.3266521862611607 0.38347989132236837
