1 0.33969469070312497 1.1686660766666668 0.11870574950892857 0.3807030125723684
1 0.4360693216328125 1.1328002081944444 0.10445274625 0.3878706279473684
1 0.4781811952578125 1.078422504 0.09732661928571429 0.36605059975657894
1 0.275120532515625 1.2568014780694445 0.09824517794642858 0.5353561802960527
1 0.33969469070312497 1.1686660766666668 0.11870574950892857 0.3807030125723684
1 0.4360693216328125 1.1328002081944444 0.10445274625 0.3878706279473684
1 0.4781811952578125 1.078422504 0.09732661928571429 0.36605059975657894
1 0.275120532515625 1.2568014780694445 0.09824517794642858 0.5353561802960527
5 0.40152957439062503 0.6897707833055555 0.33246415002232144 0.3918010711578947
5 0.40144127607031244 0.6897879070694444 0.3323904105580357 0.39129247162499997
