1 0.35482881069531247 1.173512437611111 0.1196199144642857 0.3822683234013158
1 0.4515619754765625 1.1383192274305556 0.10522174834821428 0.3901739020065789
1 0.4940018892265625 1.0839850955555557 0.0980236189732143 0.3681175231973684
1 0.2901379942890625 1.2609999338888889 0.09754054887276786 0.5351781343223684
1 0.35482881069531247 1.173512437611111 0.1196199144642857 0.3822683234013158
1 0.4515619754765625 1.1383192274305556 0.10522174834821428 0.3901739020065789
1 0.4940018892265625 1.0839850955555557 0.0980236189732143 0.3681175231973684
1 0.2901379942890625 1.2609999338888889 0.09754054887276786 0.5351781343223684
5 0.4225138545 0.6942445966944444 0.33616260119419644 0.39660343371710527
5 0.4224246501953125 0.6942623562361111 0.3360887255022322 0.396090858868421
