1 0.10183562338281249 0.6773218366805556 0.11879150356026787 0.24092379118421053
1 0.1922074019921875 0.6201093249861112 0.06389040606026786 0.13059967442763157
1 0.3974448442421875 0.48128072950000006 0.057491370613839285 0.10554452192763157
1 0.6735862493515625 0.4586894141249999 0.05411985941964286 0.11131511486842105
5 0.3429129600546875 0.5296946207638888 0.060734885078125 0.11528488961842105
5 0.1486877739453125 0.8125998602916666 0.07327047416294642 0.1237034044736842
19 0.321587741375 0.9104296790277778 0.11688385690848214 0.2545682806776316
19 0.4280674338359375 0.8666373782638889 0.10565025465401787 0.2772519161842105
19 0.6916705846796875 0.9272004869305556 0.10231992176339286 0.20690387926973683
19 0.78086452484375 0.8998996734722223 0.086288997109375 0.26098299528947366
19 0.9656110763515626 0.9318213144999999 0.08774920872767857 0.1937710009144737
19 0.8603302478828125 0.7789643181666667 0.08947386060267858 0.18769298352631578
19 0.9076428890234375 0.7508753034722222 0.046266964508928574 0.1978819596118421
19 0.6288173913984375 0.7375319586944444 0.09297077996651786 0.20178487677631576
19 0.690009307859375 0.7700231340277779 0.06964983258928571 0.13886851261184208
19 0.3519412517578125 0.6422359466666667 0.06748826162946428 0.19012961137499998
19 0.2010752141484375 0.7827004326805554 0.09093204566964286 0.18631800601973683
19 0.0625310704140625 0.8525073581388889 0.10926047392857142 0.26988300525
19 0.29688365459375 0.6285736931666667 0.07301943642857144 0.18808364867763155
19 0.2355068087578125 0.6420226415 0.06296556337053572 0.21550519843421054
19 0.5312506198906249 0.6840507719305555 0.08187511988839287 0.1388941112368421
