1 0.1009476631875 0.6767064200555555 0.11829452003348215 0.24008626436842104
1 0.1912799596796875 0.6196219550277777 0.06382989883928572 0.13047999331578947
1 0.3966197371484375 0.48102400037500004 0.05768220765625 0.10587085924342106
1 0.6727018356328125 0.45883060031944445 0.054288455412946426 0.11160193995394736
5 0.34204837083593753 0.52928909725 0.06062442916294643 0.11507546273684209
5 0.1476328194140625 0.8121003892638889 0.07330276284598214 0.12375134919078946
19 0.3205276370078125 0.91021817525 0.11706117220982142 0.25516939665789473
19 0.427047467234375 0.86625675625 0.10584333964285715 0.277538379868421
19 0.6906072855 0.9271945529583333 0.10228463581473214 0.20692074424342105
19 0.7798032999062501 0.9000848134305557 0.08609928404017857 0.2605630573421053
19 0.9644577026406249 0.93197691175 0.08770397731026787 0.1933287771118421
19 0.859306240078125 0.7792115529444444 0.08961786542410714 0.1879321048223684
19 0.9066533088671875 0.751207839125 0.04628481184151786 0.1976584384342105
19 0.627804422375 0.7374597761388889 0.09306458064732144 0.2019105208618421
19 0.6890367984765625 0.7700193617083334 0.06967694418526786 0.13896283600657894
19 0.35098240375781253 0.6418646706527777 0.06742429733258928 0.1899562032631579
19 0.2001004934296875 0.7822170681527778 0.09098127909598215 0.18634113513157893
19 0.061460812390624994 0.8518900129583332 0.109497078828125 0.2702984860065789
19 0.295907282828125 0.6282408820277777 0.07299634388392857 0.18800221494078947
19 0.23449999093749999 0.6416363610138889 0.06310922758928571 0.2157017356381579
19 0.530288219453125 0.6839331520972223 0.08192402975446429 0.13898602535526314
