1 0.09753188192968751 0.6905458238333334 0.11651910203125 0.23754417017763158
1 0.187667334078125 0.6340555826805556 0.06423974036830357 0.13116410907236842
1 0.393224084375 0.4967170079583334 0.05801830973214286 0.10646974663815789
1 0.6695722103125 0.47564320034722224 0.054477419174107145 0.11186310617763158
5 0.3387266874296875 0.5443174150277778 0.06082337243303571 0.11539125945394736
5 0.1437081158125 0.826431613486111 0.07308787958705357 0.12336658677631579
19 0.31650360822656254 0.9177138434583333 0.11753644262276786 0.23386591861184208
19 0.4231638908359375 0.8820431179444446 0.10632950918526786 0.27820731714473684
19 0.6863864660234376 0.93533999125 0.10408013207589285 0.18377055118421054
19 0.7760070085546875 0.9128494262638889 0.08661045347098215 0.24769110428289473
19 0.9606044769296875 0.9411247677222221 0.08801514762276785 0.16732960750657894
19 0.8557025909453125 0.7969648996944444 0.08987018040178572 0.18824627524342105
19 0.9030226707421874 0.7693080902083334 0.04645974295758929 0.19753357736842106
19 0.62422304153125 0.754150390625 0.09334945678571428 0.20230407714473683
19 0.6854207992578125 0.7869763268333334 0.06939724513392857 0.13840183458552632
19 0.347493457796875 0.6570387946249999 0.06789622987723214 0.1905971326381579
19 0.1962264478203125 0.7965751224166666 0.09119989190848214 0.18668313278289472
19 0.057346674796875 0.8655764685694444 0.10992154053571428 0.2708752682368421
19 0.2924181818984375 0.6429684321111111 0.073520830703125 0.1887180729868421
19 0.23093638420312498 0.6561420228611111 0.06361225672991071 0.21632074053947367
19 0.5267623424531249 0.7000220192777777 0.08223656245535714 0.13955341138815788
