1 0.0923574596640625 0.6877030054722222 0.11737284489955357 0.23917531464473685
1 0.18298335671093752 0.6336961322361111 0.06474861077008928 0.13196296691447368
1 0.389156389234375 0.49825998943055555 0.058343069888392864 0.10701599121710527
1 0.665141630171875 0.4792251163194445 0.057937077109375 0.11749600863157894
5 0.334388792515625 0.5454271316527777 0.06111175672991071 0.11588919789473684
5 0.1385139048125 0.8259818183055554 0.07356723717633928 0.12425103438157895
19 0.3112003445625 0.9179409027083333 0.11836225646205357 0.2332205923026316
19 0.41803057193750004 0.8838280147916666 0.10716417857142857 0.27927499067763156
19 0.68112044334375 0.9371402316666665 0.10460335868303572 0.17865407844078948
19 0.7707991123203125 0.9150155385277778 0.08726378849330356 0.24153478521710525
19 0.955240535734375 0.9440425448888888 0.08837263925223214 0.1590369776644737
19 0.8507789134999999 0.8022767384861111 0.09021554674107143 0.1887341549605263
19 0.89811935425 0.7749549229861112 0.046812874933035716 0.1976851814605263
19 0.6194606304140625 0.7574939939722223 0.09376948219866073 0.20286622298684212
19 0.68059358596875 0.7908870273194444 0.06972558157366071 0.1389428389736842
19 0.342938816546875 0.6581968731388889 0.06837160246651786 0.19112759640789473
19 0.191165220734375 0.796641498138889 0.09190351622767857 0.18781429089473684
19 0.0520045951015625 0.8645077175555554 0.11075398751116071 0.27194390548026315
19 0.28784712553124997 0.6437843110833333 0.07392273630580358 0.18914861176973685
19 0.22632904053125 0.6564411799027777 0.06405735015625 0.21668960169078946
19 0.522181940078125 0.7026763280138889 0.08248642512276785 0.14003153348684208
