1 0.090735057 0.6842590967777777 0.11413198709821429 0.2321652663355263
1 0.1820783317109375 0.6319896062222222 0.06487459795758929 0.13212017259868422
1 0.3883830904921875 0.4970639334722223 0.058307000569196424 0.10693281073026316
1 0.66394283771875 0.47854896122222224 0.060256481171875 0.1216358184868421
5 0.3335243701953125 0.5441982057361111 0.061024120870535714 0.11570645382236842
5 0.137378120421875 0.8243960062777779 0.07363901819196428 0.12437728079605263
19 0.30999766588281247 0.9172923194027779 0.118426970078125 0.23506393432894737
19 0.416838383671875 0.8828010559166667 0.10731785638392857 0.27941268118421053
19 0.6798582315468751 0.9368542565277778 0.10480233601562501 0.17946684988815786
19 0.7695465326328125 0.9149530622638888 0.08727366583705357 0.2417123493355263
19 0.9538847446406249 0.9441622416111112 0.08830956050223214 0.15869678698026315
19 0.849546194078125 0.8022366841666667 0.09023925236607143 0.18871789229605263
19 0.8968904495234374 0.7749344719861111 0.04706927708705357 0.19772957249999998
19 0.618342661859375 0.7569011900138889 0.093770640234375 0.20278599386842103
19 0.679426598546875 0.7904197692916667 0.06991175243303571 0.1392526726973684
19 0.341924464703125 0.6569907082499999 0.06842453139508929 0.1911756615986842
19 0.19008248448437498 0.7950344933333333 0.09200142111607143 0.18796246176315787
19 0.0508043035859375 0.8627505832222222 0.11090155158482143 0.27192270378947364
19 0.2868480563125 0.6423894458333334 0.07395134652901784 0.18915608054605262
19 0.225335145 0.6548541810833334 0.06416954312499999 0.21688403080263158
19 0.5211023092265625 0.7018583509722223 0.08249412264508928 0.14005327726973682
