1 0.08532021939843751 0.69102516175 0.11848459925223213 0.23918043438157896
1 0.177540266515625 0.6422597037500001 0.06593033245535715 0.13412433424342105
1 0.38596287965625 0.49976225958333337 0.05965774399553571 0.10915169966447368
1 0.6580927610390626 0.48899796804166673 0.06932633263392858 0.1395284753092105
5 0.3296649456015625 0.5550073835555556 0.06115927014508928 0.11594274420394736
5 0.1330395817734375 0.8346732669444444 0.07386285918526785 0.12477131893421052
19 0.30562120675781246 0.9226935492638889 0.11881402560267858 0.2197130705131579
19 0.412640225890625 0.8940558963472222 0.10780065400669643 0.280217502
19 0.675657773015625 0.9428847418888889 0.10496636799107142 0.16232757568421052
19 0.7653941392890624 0.9211463928333333 0.08719301223214285 0.2241102519868421
19 0.9496282100703125 0.9506046295277778 0.08821337563616072 0.1403868424342105
19 0.8454629421250001 0.8147526635 0.09035887036830358 0.18884907771710524
19 0.892798042296875 0.7877278645833333 0.04712922232142857 0.1977401733355263
19 0.6143553733828125 0.7687617407916666 0.09386784689732143 0.20286315114473683
19 0.675485372546875 0.8024748484305555 0.06991904122767857 0.13931350707236842
19 0.3379541516328125 0.6688477198333334 0.06885198184151785 0.18995319165789473
19 0.1858694434140625 0.8055422041111111 0.09224588530133929 0.1883238541381579
19 0.0463144108671875 0.8729231516527777 0.11116612809151785 0.2721611023026316
19 0.282849514484375 0.6530967288472223 0.07426565034598213 0.18961089284210525
19 0.22120296359374997 0.6655094146805556 0.06451220171875001 0.2173682363486842
19 0.51712808609375 0.7133765326666667 0.08258192879464286 0.1402281911842105
