1 0.085941049453125 0.6780081430972221 0.14265121732142858 0.2824060941907895
1 0.1795896649375 0.6395074208472222 0.066025291171875 0.13439820941447367
1 0.388498175140625 0.49789689381944446 0.05891237939732143 0.1077588332368421
1 0.660834884640625 0.4868021647083333 0.06627709524553571 0.13256185430921053
5 0.33171267509375 0.5520324283194444 0.060260772700892855 0.11425708971710526
5 0.13505785465625 0.8313802083333334 0.07374501228794643 0.12456930059210526
19 0.30752625465625 0.9211800045416666 0.11895677021205357 0.2240147239342105
19 0.41451627016406245 0.8913383907777779 0.10785276549107144 0.28016305221710525
19 0.67749853134375 0.9417964935416666 0.10508768899553571 0.16542049207894738
19 0.7672514200234375 0.9201744503333333 0.08740391050223215 0.22687261480263157
19 0.95147976875 0.9498000674722222 0.08872291020089286 0.14267349242763155
19 0.84737544059375 0.8131107330277778 0.09049701690848214 0.18905218024342105
19 0.894746875765625 0.7861977047361112 0.04728399004464286 0.19768945794078946
19 0.6163095235859375 0.7666239420555556 0.09374570847098215 0.2025657252236842
19 0.6773799419375 0.8004091474722222 0.06992122104910714 0.1392711037105263
19 0.3396057844140625 0.6664253446805556 0.06905317306919642 0.18938905815789472
19 0.1878387451171875 0.802365366625 0.09226097379464285 0.18829048559210523
19 0.048375207187500005 0.8692295498194444 0.11122110911830356 0.2724337125986842
19 0.2849311113359375 0.6501712163333333 0.07436820438616072 0.18972961024342105
19 0.22332488298437497 0.6624307844444445 0.06460601943080357 0.2173010173618421
19 0.5190931081796875 0.7109983232361111 0.0826495715513393 0.14035696732894737
