1 0.0954646319140625 0.6858696831527777 0.14808000837053573 0.2877755415986842
1 0.18405594825781252 0.6429378721388889 0.06550005504464286 0.133506835125
1 0.394498550890625 0.49599418640277776 0.05643991061383929 0.10332051327631578
1 0.6649814844140625 0.4887989891944444 0.06570468630580358 0.1314268413355263
5 0.3360493183125 0.5552620781666666 0.06160204751116072 0.11673997576973684
5 0.13964860439062501 0.8348647223611111 0.07360754694196428 0.12432692678289474
19 0.312086188796875 0.9226874033611112 0.11877192770089286 0.21973053781578947
19 0.41898314953125004 0.8939776950416667 0.10763760975446428 0.2797056499342105
19 0.6819752216328124 0.9428636762777777 0.10494055066964285 0.16238744634868418
19 0.7716951847109376 0.9211104499027779 0.08716951098214286 0.22421240555921051
19 0.9560565471640625 0.9504695892222222 0.08858612606026785 0.14077064111842105
19 0.8517937660234376 0.814603636 0.0902314867299107 0.18860140348026314
19 0.8991494178749999 0.7874937693333334 0.04695619856026786 0.1969565542105263
19 0.6205760002109375 0.7686608632361112 0.09366703033482142 0.202487544
19 0.681676650046875 0.8023842705555555 0.06960453305803571 0.13873853180921053
19 0.3434104323359375 0.6694391886388888 0.067521674296875 0.1866442228618421
19 0.19239450096875 0.8056646558888889 0.09218282359374999 0.1881798995131579
19 0.053100718554687495 0.8728588528055556 0.11112725734375 0.2721684506052632
19 0.2892551302890625 0.6531816482638889 0.07425223078125 0.18956252650657893
19 0.227733170984375 0.6655993143611111 0.06431610243303572 0.21685397498684209
19 0.5233515262578126 0.7133219612916667 0.082538196015625 0.14015392503947366
