1 0.0960782110703125 0.6876450644722223 0.14602039541294642 0.28390472814473683
1 0.18408229946875002 0.6441961500416666 0.06536693232142857 0.13329981753947368
1 0.3948396682734375 0.4971326404166666 0.05678558349330357 0.10397385045394736
1 0.66502370834375 0.4900909211805556 0.06560802459821428 0.13124018216447367
5 0.335997712609375 0.5564894146388888 0.06158430235491071 0.11672305057894736
5 0.13965475559375 0.8359889984166666 0.07370601381696429 0.12449882909210526
19 0.31205486059375 0.9232880910277778 0.11879454340401785 0.21802332025657895
19 0.41896150112499997 0.8952424791111112 0.10762780053571429 0.27984635202631575
19 0.6819675445546876 0.9434728410555555 0.10492256709821428 0.16065613596710523
19 0.77172579765625 0.921709866 0.08719866616071428 0.22250880191447367
19 0.9560457706484374 0.9511409335555555 0.08838340214285714 0.13886260985526316
19 0.8518097400703125 0.8158478630972221 0.09032208579241072 0.18880053069078945
19 0.89917187690625 0.7887715657500001 0.047004835948660714 0.19726361725657893
19 0.6205790758124999 0.7699016994861111 0.09383576256696428 0.20282616866447367
19 0.68162491321875 0.8036491394027777 0.06948573248883928 0.13849953098684212
19 0.34323283433593754 0.6706178453194445 0.06685723577008928 0.18585783305921053
19 0.1923866093125 0.8068500518749999 0.09219297340401786 0.1881896571118421
19 0.053090643882812504 0.87406417 0.11128827503348214 0.2724694904605263
19 0.2892364501953125 0.6544359842916667 0.07418400900669643 0.18943344919736843
19 0.22774478196875 0.6668174955555556 0.0643586771875 0.21691896538815789
19 0.5233555078515625 0.7145688798611111 0.08259807314732144 0.14025288631578947
