1 0.0962937802109375 0.6893202251805556 0.14663657120535714 0.2849505976578947
1 0.1839978337265625 0.6460509194305555 0.06533469472098215 0.1332520535131579
1 0.3949472188984375 0.4995974010833334 0.05685567856026786 0.1041159981118421
1 0.664968395234375 0.49185409545833336 0.06538050515625 0.13081042640131577
5 0.335925734046875 0.5582644144722222 0.0616415909375 0.1168270713355263
5 0.139476549625 0.8377105289027779 0.07364678382812499 0.12439908479605263
19 0.31190395355468753 0.9241481357083333 0.11891542161830357 0.21557898270394737
19 0.41879730224999995 0.896993721861111 0.10761233738839285 0.27983514886184213
19 0.6818308591875 0.944397777986111 0.10492372512276785 0.1580273678486842
19 0.7715966463124999 0.9226536644722223 0.08711753572544643 0.21982642725
19 0.9559293746953126 0.9520752376944445 0.08831078665178571 0.13620721916447368
19 0.8516829490625 0.8177123599583334 0.09034238542410714 0.18883293552631578
19 0.899062633515625 0.7906137254583333 0.04710905892857143 0.1974194978486842
19 0.6204710721953125 0.7717433929444444 0.09393671580357144 0.20300264859868422
19 0.681519579890625 0.8054438697083334 0.06971079962053571 0.1388904370855263
19 0.343141436578125 0.6724403381388889 0.06707245963169643 0.18610285709210528
19 0.192228829859375 0.808593198986111 0.09210821560267857 0.18803714952631578
19 0.0529390737421875 0.8758011711944444 0.11131612743303572 0.2725264699736842
19 0.2891157507890625 0.6561516867777778 0.07425141334821428 0.1894883205986842
19 0.227608168125 0.6685782538472221 0.06440738268973215 0.21696841590789473
19 0.523253822328125 0.7163506613888889 0.08260345458705357 0.14026499297368422
