1 0.095188543203125 0.6921387566388889 0.13888718400669645 0.2719393278355263
1 0.1848023533828125 0.6481111102638889 0.06517107146205357 0.13295113413157894
1 0.394988250734375 0.5053176455972223 0.05972003936383929 0.10940864964473684
1 0.6656971693046876 0.49395626915277774 0.06523248127232142 0.1304769214736842
5 0.3367184638984375 0.5603251775138889 0.061599731450892856 0.11673991555263158
5 0.14026249646875 0.8397947947222223 0.07377229418526786 0.124612065375
19 0.31264946460937504 0.9252221849166667 0.11892863681919642 0.2125264217960526
19 0.4195532321953125 0.8991742028055556 0.10760906764508928 0.27962072271710525
19 0.68260142803125 0.9454806433888889 0.10499143600446428 0.15494975040789474
19 0.772382783890625 0.9238303714305556 0.08695425305803571 0.21648210224999997
19 0.9566921234140626 0.9531748453888889 0.088515690390625 0.13308201840789474
19 0.8524426937109375 0.8199054717916667 0.090355600625 0.1888170342631579
19 0.89980821609375 0.7928515116388889 0.04699570792410714 0.1970226890131579
19 0.62121341228125 0.773873392736111 0.09370769773437501 0.20256500244078948
19 0.6823474645625 0.8076872507777779 0.06961951937500001 0.13876033582894737
19 0.34389398097656254 0.6732322692777778 0.06715863091517857 0.18509674071710525
19 0.1930053949375 0.8106608920555556 0.09217514310267858 0.1881430374868421
19 0.053699854015625006 0.8778605990972222 0.11120121819196428 0.2722212138947368
19 0.2898982167265625 0.6582664065972222 0.07419126373883929 0.1894444114342105
19 0.22839385271093748 0.6706370883472222 0.06440111569196429 0.21697299355263155
19 0.5239589452734374 0.718486467986111 0.08254167012276785 0.14015609338815788
