1 0.09469675421875 0.686683442861111 0.13753967626116073 0.2696643628618421
1 0.184888178109375 0.6425256305277778 0.06533239569196428 0.13317218579605264
1 0.39462811946875 0.5004303614305556 0.06124067306919643 0.11208180880263156
1 0.6657716274296874 0.4883779313888889 0.06545952388392857 0.13083018252631579
5 0.33676052093750003 0.5548964818333333 0.06145606722098214 0.11648260417105262
5 0.1403342843046875 0.83430400425 0.07363700867187499 0.12437547382894737
19 0.3127369999921875 0.9224274105555555 0.11893548284598214 0.22046946475657894
19 0.4196693181953125 0.8935697343611111 0.107572487421875 0.2796159041644737
19 0.6826519250859375 0.9425987667500001 0.10497113636160714 0.16314034713157893
19 0.7724459648125 0.9209615919305555 0.08700398036830358 0.22463547556578947
19 0.956799888609375 0.9502515157083334 0.08880996704241072 0.1413904290394737
19 0.85253477096875 0.8142289903472223 0.09015001569196428 0.18845624421710527
19 0.8998913764921875 0.7871261172916667 0.047006607053571424 0.19703919260526317
19 0.62127847671875 0.7682661056527778 0.09373773847098214 0.20258505971052632
19 0.6823391914375 0.8020765516527777 0.06965705327008928 0.13878623561842104
19 0.3436587452890625 0.6679639604305556 0.06679368018973214 0.18515950253289473
19 0.1930782616171875 0.8051339043611111 0.09218752383928572 0.1881519518486842
19 0.05377569794531249 0.8723949008472223 0.11106518337053571 0.2720014873223684
19 0.28995285034374996 0.6528570175138888 0.07434558868303572 0.18974575243421052
19 0.22845360040624998 0.6652129703055556 0.06438006672991071 0.21698829248684212
19 0.5240588665 0.7130398644305554 0.08247089386160714 0.1400341234736842
