1 0.0895812839296875 0.6702468872083333 0.13735747337053572 0.26999672336842107
1 0.1800134181953125 0.6260935041666666 0.06462110792410715 0.13173631367763158
1 0.3898619651796875 0.4841723336111111 0.061386380881696435 0.11227093746710526
1 0.6609255552265625 0.47111943562499997 0.06504447119419643 0.13001319483552629
5 0.3318854689609375 0.5380676481388889 0.06141475268973214 0.1163912923618421
5 0.13563984036718751 0.8175843980555555 0.07329721110491072 0.12380917198026316
19 0.308121824265625 0.9143298678888889 0.11833374840401786 0.24348353334868422
19 0.415065622328125 0.8767695532777777 0.10736342839285715 0.2793296813881579
19 0.6778719425234375 0.9339448293055556 0.10469831738839286 0.18773574828947368
19 0.7675205230703125 0.9121610429444444 0.08683300017857143 0.24964756211842104
19 0.9516488552109376 0.941316223138889 0.08914579664062501 0.16678547105921054
19 0.8475763797734375 0.7966013590416666 0.08993707383928572 0.18800980417105262
19 0.8948840618125 0.769697210513889 0.04670946938616072 0.1963471864342105
19 0.616477918625 0.7510917027777778 0.09366839272321428 0.2025201295460526
19 0.6774914026250001 0.7846157497777778 0.06918982097098214 0.1378430015131579
19 0.3398436784765625 0.6516630596666667 0.06791639328125 0.18680871663157894
19 0.188363134859375 0.788692474361111 0.09171959332589286 0.18728629663815788
19 0.0490374408671875 0.8559671190138889 0.11055005448660714 0.27104837518421054
19 0.285091269015625 0.6365689383611111 0.07401776313616071 0.18917631852631578
19 0.22351977824999997 0.648474290625 0.06445366995535715 0.2173555875986842
19 0.5192967891718749 0.6958090676249999 0.0822556359375 0.13966905694736842
