1 0.10637941360156249 0.6837694803888889 0.11606090409598215 0.23589887117763159
1 0.195962876078125 0.6263997819583333 0.06364987578125 0.13024689523026314
1 0.400712740421875 0.4869419521805556 0.057801757544642854 0.10611961766447368
1 0.6771298170078125 0.4632733239027778 0.053672586171874995 0.11054968582894738
5 0.3464990854296875 0.5352747387361111 0.06051111220982143 0.11490235578947368
5 0.1526178717578125 0.8191195593888889 0.07269413130580357 0.12264560899342104
19 0.32555741071875 0.9133794148750001 0.11667391232142857 0.24618482088157892
19 0.431926727296875 0.8719927045972222 0.10544967651785715 0.2772249322105263
19 0.6956242799765625 0.9295539855972221 0.10222060339285714 0.20021498830263157
19 0.7848755598046875 0.9043241288888889 0.0860201290625 0.2607215881381579
19 0.96957020759375 0.9338078392916667 0.08694226400669644 0.1881250883486842
19 0.8642477989218751 0.7831013149722221 0.08953448704241072 0.18790813245394736
19 0.9115249156953125 0.7547559314305556 0.046083041595982144 0.19773794474999998
19 0.6325816154453124 0.7422929339861111 0.09292779649553572 0.20182782223026313
19 0.69383940696875 0.7745717790277777 0.06930868966517857 0.1383187143355263
19 0.3556097984296875 0.6477949778333334 0.06723751340401786 0.1898378472631579
19 0.20498926639843748 0.7887427859861111 0.09062610353794642 0.18581000879605264
19 0.0665617078515625 0.8590521070694443 0.10898716109374999 0.2694840280657894
19 0.30055655240625 0.6344166649722223 0.07281020709821429 0.1877570704342105
19 0.23921170234375003 0.6480126063055555 0.06283126558035715 0.21546219274342104
19 0.5349208354921875 0.6890120824166667 0.081778253828125 0.13870305513157896
