1 0.1042458355390625 0.6813056098055555 0.11925542354910713 0.24154839765789474
1 0.19448941349999999 0.6239610036250001 0.06376094477678572 0.13036169755263158
1 0.399482166765625 0.4847163730277778 0.05768350191964285 0.10589663857894736
1 0.675725150109375 0.4614661534583334 0.053506238125 0.11021883110526316
5 0.3450828194609375 0.5330752054861111 0.060560669218749995 0.1149915594868421
5 0.151111817359375 0.8165473514166667 0.07290826524553572 0.12303663554605263
19 0.32398645878125 0.9122696770555554 0.11668797901785714 0.24933881257894736
19 0.43040657043749997 0.8699044121666668 0.10546684265624999 0.2771334999473684
19 0.6940737247500001 0.9286279890277778 0.10216862814732143 0.20284676802631577
19 0.7832973003359375 0.90256877475 0.08613354819196428 0.2608191640657895
19 0.9680363655078125 0.9329765319861112 0.08746773856026786 0.19048775121710523
19 0.86270985603125 0.7813944498750001 0.089529718671875 0.1878662109473684
19 0.9100069522890625 0.7531976911805556 0.04607895441964286 0.19768560309868421
19 0.6310622930546874 0.740439033513889 0.09296969005580358 0.20183637519078945
19 0.6923000097265625 0.7727564069999999 0.06950725828125 0.13867842021710527
19 0.3541673779453125 0.6456501430972222 0.06729851449776786 0.1897750854473684
19 0.2034697353828125 0.7864258236388889 0.09058044638392858 0.18571508307236842
19 0.0649832576484375 0.8565515730138888 0.10911339521205357 0.269662676368421
19 0.299113047125 0.6322037167083333 0.07295639174107142 0.18795113814473685
19 0.2377464056015625 0.6457134246805556 0.06301811763392857 0.21569161665789474
19 0.533453321453125 0.6870696809583333 0.08172484806919643 0.13862246463157893
