7 0.34390603303906253 0.4731575224166667 0.12281312261160715 0.20723557723026315
7 0.3467551708203125 0.6357540554444444 0.09595148904017857 0.1954979745986842
7 0.34927537441406253 0.7577148225555557 0.099082674296875 0.17917912130921052
7 0.3805865883828125 1.0818982865972222 0.062044245859375 0.18499398481578946
7 0.353698933125 1.4008633083888888 0.06758100646205357 0.22249868293421052
7 0.34390603303906253 0.4731575224166667 0.12281312261160715 0.20723557723026315
7 0.3467551708203125 0.6357540554444444 0.09595148904017857 0.1954979745986842
7 0.34927537441406253 0.7577148225555557 0.099082674296875 0.17917912130921052
7 0.3805865883828125 1.0818982865972222 0.062044245859375 0.18499398481578946
7 0.353698933125 1.4008633083888888 0.06758100646205357 0.22249868293421052
18 0.27973909378125 0.30700188743055556 0.17822837829241073 0.20148597517105263
18 0.27973909378125 0.30700188743055556 0.17822837829241073 0.20148597517105263
