7 0.336472058296875 0.46486369238888886 0.122862815859375 0.20731002406578947
7 0.33933265209374996 0.6277233335694444 0.09584924152901786 0.19535311648026316
7 0.341870713234375 0.7497689776944445 0.09895781108258929 0.17895939475657896
7 0.3732825636875 1.0741349961944444 0.062155280792410714 0.18515191328289474
7 0.3464463353125 1.392392773097222 0.067228215078125 0.2212854887368421
7 0.336472058296875 0.46486369238888886 0.122862815859375 0.20731002406578947
7 0.33933265209374996 0.6277233335694444 0.09584924152901786 0.19535311648026316
7 0.341870713234375 0.7497689776944445 0.09895781108258929 0.17895939475657896
7 0.3732825636875 1.0741349961944444 0.062155280792410714 0.18515191328289474
7 0.3464463353125 1.392392773097222 0.067228215078125 0.2212854887368421
18 0.2720844745625 0.2975632667638889 0.17914860589285714 0.2033430501118421
18 0.2720844745625 0.2975632667638889 0.17914860589285714 0.2033430501118421
