7 0.318546426296875 0.4496910095277778 0.12305705888392858 0.20770315873026315
7 0.321313238140625 0.6126374562638889 0.095940317421875 0.19543388769078945
7 0.323854660984375 0.7345797008888888 0.09839418956473214 0.1779354496973684
7 0.355546748640625 1.057669957486111 0.061821631026785714 0.18394112838157894
7 0.3284438729296875 1.3734226226805555 0.06651023456473214 0.2189863104473684
7 0.318546426296875 0.4496910095277778 0.12305705888392858 0.20770315873026315
7 0.321313238140625 0.6126374562638889 0.095940317421875 0.19543388769078945
7 0.323854660984375 0.7345797008888888 0.09839418956473214 0.1779354496973684
7 0.355546748640625 1.057669957486111 0.061821631026785714 0.18394112838157894
7 0.3284438729296875 1.3734226226805555 0.06651023456473214 0.2189863104473684
18 0.2536232113828125 0.2810384644305556 0.17944673129464286 0.2040163240855263
18 0.2536232113828125 0.2810384644305556 0.17944673129464286 0.2040163240855263
