7 0.318789803984375 0.4435684415972222 0.12258437702008929 0.20687888295394735
7 0.3216395378125 0.6061442905 0.09549992425223215 0.19453450253289475
7 0.324237418171875 0.7276687833888889 0.0977013451674107 0.1766916576118421
7 0.356225419046875 1.0498129950555555 0.06162309646205357 0.18339337799999997
7 0.3292652249375 1.3638703240277779 0.065897362578125 0.2170770745460526
7 0.318789803984375 0.4435684415972222 0.12258437702008929 0.20687888295394735
7 0.3216395378125 0.6061442905 0.09549992425223215 0.19453450253289475
7 0.324237418171875 0.7276687833888889 0.0977013451674107 0.1766916576118421
7 0.356225419046875 1.0498129950555555 0.06162309646205357 0.18339337799999997
7 0.3292652249375 1.3638703240277779 0.065897362578125 0.2170770745460526
18 0.2539551973359375 0.2750716103472222 0.17861679621651785 0.20277611581578947
18 0.2539551973359375 0.2750716103472222 0.17861679621651785 0.20277611581578947
